0,-9.3581,0,6.6293e+05
1e-07,-9.321,0.066296,6.6298e+05
2e-07,-9.2838,0.1326,6.6303e+05
3e-07,-9.2467,0.1989,6.6309e+05
4e-07,-9.2096,0.26521,6.6314e+05
5e-07,-9.1724,0.33153,6.6319e+05
6e-07,-9.1353,0.39785,6.6324e+05
7e-07,-9.0982,0.46418,6.6329e+05
8e-07,-9.061,0.53051,6.6335e+05
9e-07,-9.0239,0.59685,6.634e+05
1e-06,-8.9867,0.66319,6.6345e+05
1.1e-06,-8.9496,0.72954,6.635e+05
1.2e-06,-8.9125,0.79589,6.6356e+05
1.3e-06,-8.8753,0.86225,6.6361e+05
1.4e-06,-8.8382,0.92861,6.6367e+05
1.5e-06,-8.8011,0.99498,6.6372e+05
1.6e-06,-8.7639,1.0614,6.6378e+05
1.7e-06,-8.7268,1.1277,6.6383e+05
1.8e-06,-8.6897,1.1941,6.6389e+05
1.9e-06,-8.6525,1.2605,6.6394e+05
2e-06,-8.6154,1.3269,6.64e+05
2.1e-06,-8.5782,1.3933,6.6406e+05
2.2e-06,-8.5411,1.4597,6.6412e+05
2.3e-06,-8.504,1.5261,6.6417e+05
2.4e-06,-8.4668,1.5926,6.6423e+05
2.5e-06,-8.4297,1.659,6.6429e+05
2.6e-06,-8.3926,1.7254,6.6435e+05
2.7e-06,-8.3554,1.7919,6.6441e+05
2.8e-06,-8.3183,1.8583,6.6447e+05
2.9e-06,-8.2812,1.9248,6.6454e+05
3e-06,-8.244,1.9912,6.646e+05
3.1e-06,-8.2069,2.0577,6.6466e+05
3.2e-06,-8.1697,2.1241,6.6473e+05
3.3e-06,-8.1326,2.1906,6.6479e+05
3.4e-06,-8.0955,2.2571,6.6486e+05
3.5e-06,-8.0583,2.3236,6.6492e+05
3.6e-06,-8.0212,2.3901,6.6499e+05
3.7e-06,-7.9841,2.4566,6.6506e+05
3.8e-06,-7.9469,2.5231,6.6513e+05
3.9e-06,-7.9098,2.5896,6.652e+05
4e-06,-7.8727,2.6561,6.6527e+05
4.1e-06,-7.8355,2.7227,6.6534e+05
4.2e-06,-7.7984,2.7892,6.6541e+05
4.3e-06,-7.7612,2.8557,6.6549e+05
4.4e-06,-7.7241,2.9223,6.6556e+05
4.5e-06,-7.687,2.9889,6.6564e+05
4.6e-06,-7.6498,3.0554,6.6571e+05
4.7e-06,-7.6127,3.122,6.6579e+05
4.8e-06,-7.5756,3.1886,6.6587e+05
4.9e-06,-7.5384,3.2552,6.6596e+05
5e-06,-7.5013,3.3218,6.6604e+05
5.1e-06,-7.4641,3.3884,6.6612e+05
5.2e-06,-7.427,3.455,6.6621e+05
5.3e-06,-7.3899,3.5216,6.663e+05
5.4e-06,-7.3527,3.5883,6.6639e+05
5.5e-06,-7.3156,3.6549,6.6648e+05
5.6e-06,-7.2785,3.7216,6.6657e+05
5.7e-06,-7.2413,3.7882,6.6667e+05
5.8e-06,-7.2042,3.8549,6.6676e+05
5.9e-06,-7.1671,3.9216,6.6686e+05
6e-06,-7.1299,3.9883,6.6697e+05
6.1e-06,-7.0928,4.055,6.6707e+05
6.2e-06,-7.0556,4.1217,6.6717e+05
6.3e-06,-7.0185,4.1884,6.6728e+05
6.4e-06,-6.9814,4.2551,6.6739e+05
6.5e-06,-6.9442,4.3219,6.6751e+05
6.6e-06,-6.9071,4.3886,6.6762e+05
6.7e-06,-6.87,4.4554,6.6774e+05
6.8e-06,-6.8328,4.5222,6.6787e+05
6.9e-06,-6.7957,4.589,6.6799e+05
7e-06,-6.7586,4.6558,6.6812e+05
7.1e-06,-6.7214,4.7226,6.6825e+05
7.2e-06,-6.6843,4.7894,6.6839e+05
7.3e-06,-6.6471,4.8563,6.6853e+05
7.4e-06,-6.61,4.9231,6.6867e+05
7.5e-06,-6.5729,4.99,6.6882e+05
7.6e-06,-6.5357,5.0569,6.6897e+05
7.7e-06,-6.4986,5.1238,6.6912e+05
7.8e-06,-6.4615,5.1907,6.6928e+05
7.9e-06,-6.4243,5.2577,6.6944e+05
8e-06,-6.3872,5.3246,6.6961e+05
8.1e-06,-6.3501,5.3916,6.6979e+05
8.2e-06,-6.3129,5.4586,6.6997e+05
8.3e-06,-6.2758,5.5256,6.7015e+05
8.4e-06,-6.2386,5.5926,6.7034e+05
8.5e-06,-6.2015,5.6596,6.7053e+05
8.6e-06,-6.1644,5.7267,6.7074e+05
8.7e-06,-6.1272,5.7938,6.7094e+05
8.8e-06,-6.0901,5.8609,6.7116e+05
8.9e-06,-6.053,5.928,6.7138e+05
9e-06,-6.0158,5.9952,6.7161e+05
9.1e-06,-5.9787,6.0623,6.7184e+05
9.2e-06,-5.9415,6.1295,6.7209e+05
9.3e-06,-5.9044,6.1968,6.7234e+05
9.4e-06,-5.8673,6.264,6.726e+05
9.5e-06,-5.8301,6.3313,6.7286e+05
9.6e-06,-5.793,6.3986,6.7314e+05
9.7e-06,-5.7559,6.4659,6.7343e+05
9.8e-06,-5.7187,6.5333,6.7372e+05
9.9e-06,-5.6816,6.6007,6.7403e+05
1e-05,-5.6445,6.6681,6.7434e+05
1.01e-05,-5.6073,6.7355,6.7467e+05
1.02e-05,-5.5702,6.803,6.7501e+05
1.03e-05,-5.533,6.8705,6.7536e+05
1.04e-05,-5.4959,6.9381,6.7572e+05
1.05e-05,-5.4588,7.0057,6.7609e+05
1.06e-05,-5.4216,7.0733,6.7648e+05
1.07e-05,-5.3845,7.141,6.7688e+05
1.08e-05,-5.3474,7.2087,6.773e+05
1.09e-05,-5.3102,7.2764,6.7773e+05
1.1e-05,-5.2731,7.3442,6.7818e+05
1.11e-05,-5.236,7.4121,6.7864e+05
1.12e-05,-5.1988,7.48,6.7912e+05
1.13e-05,-5.1617,7.5479,6.7961e+05
1.14e-05,-5.1245,7.6159,6.8013e+05
1.15e-05,-5.0874,7.6839,6.8066e+05
1.16e-05,-5.0503,7.752,6.8121e+05
1.17e-05,-5.0131,7.8202,6.8179e+05
1.18e-05,-4.976,7.8884,6.8238e+05
1.19e-05,-4.9389,7.9566,6.83e+05
1.2e-05,-4.9017,8.025,6.8363e+05
1.21e-05,-4.8646,8.0934,6.843e+05
1.22e-05,-4.8275,8.1618,6.8498e+05
1.23e-05,-4.7903,8.2304,6.857e+05
1.24e-05,-4.7532,8.299,6.8644e+05
1.25e-05,-4.716,8.3677,6.872e+05
1.26e-05,-4.6789,8.4364,6.88e+05
1.27e-05,-4.6418,8.5053,6.8882e+05
1.28e-05,-4.6046,8.5742,6.8968e+05
1.29e-05,-4.5675,8.6432,6.9057e+05
1.3e-05,-4.5304,8.7123,6.9149e+05
1.31e-05,-4.4932,8.7815,6.9245e+05
1.32e-05,-4.4561,8.8508,6.9345e+05
1.33e-05,-4.4189,8.9202,6.9448e+05
1.34e-05,-4.3818,8.9897,6.9555e+05
1.35e-05,-4.3447,9.0593,6.9666e+05
1.36e-05,-4.3075,9.129,6.9782e+05
1.37e-05,-4.2704,9.1989,6.9902e+05
1.38e-05,-4.2333,9.2688,7.0026e+05
1.39e-05,-4.1961,9.3389,7.0156e+05
1.4e-05,-4.159,9.4091,7.029e+05
1.41e-05,-4.1219,9.4795,7.043e+05
1.42e-05,-4.0847,9.55,7.0575e+05
1.43e-05,-4.0476,9.6207,7.0725e+05
1.44e-05,-4.0104,9.6915,7.0881e+05
1.45e-05,-3.9733,9.7624,7.1044e+05
1.46e-05,-3.9362,9.8335,7.1212e+05
1.47e-05,-3.899,9.9048,7.1387e+05
1.48e-05,-3.8619,9.9763,7.1569e+05
1.49e-05,-3.8248,10.048,7.1758e+05
1.5e-05,-3.7876,10.12,7.1954e+05
1.51e-05,-3.7505,10.192,7.2158e+05
1.52e-05,-3.7134,10.264,7.237e+05
1.53e-05,-3.6762,10.337,7.259e+05
1.54e-05,-3.6391,10.409,7.2819e+05
1.55e-05,-3.6019,10.482,7.3056e+05
1.56e-05,-3.5648,10.555,7.3303e+05
1.57e-05,-3.5277,10.629,7.3559e+05
1.58e-05,-3.4905,10.703,7.3826e+05
1.59e-05,-3.4534,10.777,7.4102e+05
1.6e-05,-3.4163,10.851,7.439e+05
1.61e-05,-3.3791,10.925,7.4689e+05
1.62e-05,-3.342,11,7.4999e+05
1.63e-05,-3.3049,11.075,7.5321e+05
1.64e-05,-3.2677,11.151,7.5656e+05
1.65e-05,-3.2306,11.227,7.6004e+05
1.66e-05,-3.1934,11.303,7.6365e+05
1.67e-05,-3.1563,11.379,7.6741e+05
1.68e-05,-3.1192,11.456,7.7131e+05
1.69e-05,-3.082,11.534,7.7536e+05
1.7e-05,-3.0449,11.611,7.7958e+05
1.71e-05,-3.0078,11.69,7.8395e+05
1.72e-05,-2.9706,11.768,7.885e+05
1.73e-05,-2.9335,11.847,7.9322e+05
1.74e-05,-2.8964,11.927,7.9812e+05
1.75e-05,-2.8592,12.007,8.0322e+05
1.76e-05,-2.8221,12.088,8.0851e+05
1.77e-05,-2.7849,12.169,8.1401e+05
1.78e-05,-2.7478,12.25,8.1972e+05
1.79e-05,-2.7107,12.333,8.2565e+05
1.8e-05,-2.6735,12.415,8.3181e+05
1.81e-05,-2.6364,12.499,8.3821e+05
1.82e-05,-2.5993,12.583,8.4486e+05
1.83e-05,-2.5621,12.668,8.5176e+05
1.84e-05,-2.525,12.753,8.5893e+05
1.85e-05,-2.4878,12.84,8.6637e+05
1.86e-05,-2.4507,12.927,8.741e+05
1.87e-05,-2.4136,13.015,8.8213e+05
1.88e-05,-2.3764,13.103,8.9047e+05
1.89e-05,-2.3393,13.193,8.9912e+05
1.9e-05,-2.3022,13.283,9.0811e+05
1.91e-05,-2.265,13.374,9.1744e+05
1.92e-05,-2.2279,13.467,9.2712e+05
1.93e-05,-2.1908,13.56,9.3717e+05
1.94e-05,-2.1536,13.654,9.4761e+05
1.95e-05,-2.1165,13.749,9.5844e+05
1.96e-05,-2.0793,13.846,9.6968e+05
1.97e-05,-2.0422,13.943,9.8135e+05
1.98e-05,-2.0051,14.042,9.9345e+05
1.99e-05,-1.9679,14.142,1.006e+06
2e-05,-1.9308,14.243,1.019e+06
2.01e-05,-1.8937,14.346,1.0326e+06
2.02e-05,-1.8565,14.45,1.0466e+06
2.03e-05,-1.8194,14.555,1.0611e+06
2.04e-05,-1.7823,14.662,1.0762e+06
2.05e-05,-1.7451,14.77,1.0919e+06
2.06e-05,-1.708,14.88,1.1081e+06
2.07e-05,-1.6708,14.992,1.1249e+06
2.08e-05,-1.6337,15.105,1.1424e+06
2.09e-05,-1.5966,15.221,1.1604e+06
2.1e-05,-1.5594,15.338,1.1792e+06
2.11e-05,-1.5223,15.456,1.1986e+06
2.12e-05,-1.4852,15.577,1.2187e+06
2.13e-05,-1.448,15.7,1.2395e+06
2.14e-05,-1.4109,15.825,1.2611e+06
2.15e-05,-1.3738,15.953,1.2835e+06
2.16e-05,-1.3366,16.082,1.3066e+06
2.17e-05,-1.2995,16.214,1.3306e+06
2.18e-05,-1.2623,16.348,1.3554e+06
2.19e-05,-1.2252,16.485,1.3811e+06
2.2e-05,-1.1881,16.624,1.4077e+06
2.21e-05,-1.1509,16.767,1.4352e+06
2.22e-05,-1.1138,16.912,1.4636e+06
2.23e-05,-1.0767,17.059,1.493e+06
2.24e-05,-1.0395,17.21,1.5234e+06
2.25e-05,-1.0024,17.364,1.5548e+06
2.26e-05,-0.96525,17.521,1.5873e+06
2.27e-05,-0.92811,17.682,1.6209e+06
2.28e-05,-0.89098,17.845,1.6555e+06
2.29e-05,-0.85384,18.013,1.6913e+06
2.3e-05,-0.8167,18.184,1.7283e+06
2.31e-05,-0.77957,18.358,1.7664e+06
2.32e-05,-0.74243,18.537,1.8057e+06
2.33e-05,-0.70529,18.72,1.8463e+06
2.34e-05,-0.66816,18.906,1.8881e+06
2.35e-05,-0.63102,19.097,1.9313e+06
2.36e-05,-0.59388,19.293,1.9757e+06
2.37e-05,-0.55675,19.493,2.0214e+06
2.38e-05,-0.51961,19.697,2.0686e+06
2.39e-05,-0.48247,19.906,2.117e+06
2.4e-05,-0.44534,20.121,2.1669e+06
2.41e-05,-0.4082,20.34,2.2182e+06
2.42e-05,-0.37106,20.564,2.2709e+06
2.43e-05,-0.33393,20.794,2.3251e+06
2.44e-05,-0.29679,21.029,2.3807e+06
2.45e-05,-0.25965,21.27,2.4378e+06
2.46e-05,-0.22252,21.517,2.4964e+06
2.47e-05,-0.18538,21.77,2.5565e+06
2.48e-05,-0.14824,22.028,2.618e+06
2.49e-05,-0.11111,22.293,2.681e+06
2.5e-05,-0.073972,22.565,2.7456e+06
2.51e-05,-0.036835,22.843,2.8116e+06
2.52e-05,0.00030161,23.127,2.879e+06
2.53e-05,0.037438,23.418,2.948e+06
2.54e-05,0.074575,23.717,3.0183e+06
2.55e-05,0.11171,24.022,3.0901e+06
2.56e-05,0.14885,24.335,3.1633e+06
2.57e-05,0.18598,24.655,3.2378e+06
2.58e-05,0.22312,24.982,3.3137e+06
2.59e-05,0.26026,25.318,3.3908e+06
2.6e-05,0.29739,25.661,3.4692e+06
2.61e-05,0.33453,26.012,3.5488e+06
2.62e-05,0.37167,26.37,3.6295e+06
2.63e-05,0.4088,26.738,3.7113e+06
2.64e-05,0.44594,27.113,3.7941e+06
2.65e-05,0.48308,27.496,3.8778e+06
2.66e-05,0.52021,27.888,3.9623e+06
2.67e-05,0.55735,28.289,4.0476e+06
2.68e-05,0.59449,28.698,4.1335e+06
2.69e-05,0.63162,29.116,4.22e+06
2.7e-05,0.66876,29.542,4.3069e+06
2.71e-05,0.7059,29.977,4.3941e+06
2.72e-05,0.74303,30.421,4.4816e+06
2.73e-05,0.78017,30.873,4.5691e+06
2.74e-05,0.81731,31.335,4.6566e+06
2.75e-05,0.85444,31.805,4.7438e+06
2.76e-05,0.89158,32.283,4.8307e+06
2.77e-05,0.92872,32.771,4.9172e+06
2.78e-05,0.96585,33.267,5.0029e+06
2.79e-05,1.003,33.771,5.0879e+06
2.8e-05,1.0401,34.284,5.1718e+06
2.81e-05,1.0773,34.806,5.2546e+06
2.82e-05,1.1144,35.335,5.3361e+06
2.83e-05,1.1515,35.873,5.4161e+06
2.84e-05,1.1887,36.418,5.4944e+06
2.85e-05,1.2258,36.972,5.5709e+06
2.86e-05,1.2629,37.532,5.6453e+06
2.87e-05,1.3001,38.1,5.7175e+06
2.88e-05,1.3372,38.676,5.7873e+06
2.89e-05,1.3744,39.258,5.8545e+06
2.9e-05,1.4115,39.846,5.919e+06
2.91e-05,1.4486,40.441,5.9806e+06
2.92e-05,1.4858,41.042,6.0391e+06
2.93e-05,1.5229,41.649,6.0943e+06
2.94e-05,1.56,42.261,6.1462e+06
2.95e-05,1.5972,42.878,6.1946e+06
2.96e-05,1.6343,43.5,6.2392e+06
2.97e-05,1.6714,44.126,6.2801e+06
2.98e-05,1.7086,44.756,6.3171e+06
2.99e-05,1.7457,45.389,6.35e+06
3e-05,1.7829,46.025,6.3788e+06
3.01e-05,1.82,46.665,6.4034e+06
3.02e-05,1.8571,47.306,6.4237e+06
3.03e-05,1.8943,47.949,6.4396e+06
3.04e-05,1.9314,48.594,6.4511e+06
3.05e-05,1.9685,49.239,6.4583e+06
3.06e-05,2.0057,49.885,6.4609e+06
3.07e-05,2.0428,50.531,6.4591e+06
3.08e-05,2.0799,51.177,6.4528e+06
3.09e-05,2.1171,51.821,6.4421e+06
3.1e-05,2.1542,52.465,6.427e+06
3.11e-05,2.1914,53.107,6.4075e+06
3.12e-05,2.2285,53.746,6.3837e+06
3.13e-05,2.2656,54.383,6.3557e+06
3.14e-05,2.3028,55.017,6.3236e+06
3.15e-05,2.3399,55.648,6.2874e+06
3.16e-05,2.377,56.274,6.2473e+06
3.17e-05,2.4142,56.897,6.2033e+06
3.18e-05,2.4513,57.515,6.1557e+06
3.19e-05,2.4885,58.128,6.1044e+06
3.2e-05,2.5256,58.736,6.0498e+06
3.21e-05,2.5627,59.338,5.9919e+06
3.22e-05,2.5999,59.934,5.931e+06
3.23e-05,2.637,60.524,5.867e+06
3.24e-05,2.6741,61.107,5.8003e+06
3.25e-05,2.7113,61.684,5.731e+06
3.26e-05,2.7484,62.253,5.6593e+06
3.27e-05,2.7855,62.815,5.5854e+06
3.28e-05,2.8227,63.37,5.5093e+06
3.29e-05,2.8598,63.917,5.4314e+06
3.3e-05,2.897,64.456,5.3518e+06
3.31e-05,2.9341,64.987,5.2706e+06
3.32e-05,2.9712,65.51,5.1881e+06
3.33e-05,3.0084,66.025,5.1044e+06
3.34e-05,3.0455,66.531,5.0197e+06
3.35e-05,3.0826,67.029,4.9342e+06
3.36e-05,3.1198,67.518,4.848e+06
3.37e-05,3.1569,67.998,4.7612e+06
3.38e-05,3.194,68.47,4.6741e+06
3.39e-05,3.2312,68.933,4.5867e+06
3.4e-05,3.2683,69.388,4.4993e+06
3.41e-05,3.3055,69.833,4.4119e+06
3.42e-05,3.3426,70.27,4.3247e+06
3.43e-05,3.3797,70.698,4.2378e+06
3.44e-05,3.4169,71.118,4.1514e+06
3.45e-05,3.454,71.528,4.0654e+06
3.46e-05,3.4911,71.931,3.9801e+06
3.47e-05,3.5283,72.324,3.8956e+06
3.48e-05,3.5654,72.71,3.8118e+06
3.49e-05,3.6025,73.087,3.729e+06
3.5e-05,3.6397,73.456,3.6471e+06
3.51e-05,3.6768,73.816,3.5663e+06
3.52e-05,3.714,74.169,3.4866e+06
3.53e-05,3.7511,74.514,3.4081e+06
3.54e-05,3.7882,74.851,3.3308e+06
3.55e-05,3.8254,75.18,3.2549e+06
3.56e-05,3.8625,75.502,3.1802e+06
3.57e-05,3.8996,75.816,3.1069e+06
3.58e-05,3.9368,76.123,3.0349e+06
3.59e-05,3.9739,76.423,2.9644e+06
3.6e-05,4.0111,76.716,2.8953e+06
3.61e-05,4.0482,77.002,2.8277e+06
3.62e-05,4.0853,77.282,2.7616e+06
3.63e-05,4.1225,77.555,2.6969e+06
3.64e-05,4.1596,77.821,2.6337e+06
3.65e-05,4.1967,78.081,2.572e+06
3.66e-05,4.2339,78.336,2.5118e+06
3.67e-05,4.271,78.584,2.453e+06
3.68e-05,4.3081,78.826,2.3958e+06
3.69e-05,4.3453,79.063,2.34e+06
3.7e-05,4.3824,79.294,2.2857e+06
3.71e-05,4.4196,79.52,2.2328e+06
3.72e-05,4.4567,79.741,2.1814e+06
3.73e-05,4.4938,79.957,2.1313e+06
3.74e-05,4.531,80.167,2.0827e+06
3.75e-05,4.5681,80.373,2.0355e+06
3.76e-05,4.6052,80.575,1.9896e+06
3.77e-05,4.6424,80.771,1.945e+06
3.78e-05,4.6795,80.964,1.9018e+06
3.79e-05,4.7166,81.152,1.8598e+06
3.8e-05,4.7538,81.336,1.8191e+06
3.81e-05,4.7909,81.516,1.7797e+06
3.82e-05,4.8281,81.692,1.7414e+06
3.83e-05,4.8652,81.864,1.7044e+06
3.84e-05,4.9023,82.033,1.6685e+06
3.85e-05,4.9395,82.198,1.6337e+06
3.86e-05,4.9766,82.359,1.6001e+06
3.87e-05,5.0137,82.518,1.5675e+06
3.88e-05,5.0509,82.673,1.536e+06
3.89e-05,5.088,82.825,1.5055e+06
3.9e-05,5.1251,82.974,1.476e+06
3.91e-05,5.1623,83.12,1.4475e+06
3.92e-05,5.1994,83.264,1.42e+06
3.93e-05,5.2366,83.404,1.3933e+06
3.94e-05,5.2737,83.542,1.3676e+06
3.95e-05,5.3108,83.678,1.3427e+06
3.96e-05,5.348,83.811,1.3187e+06
3.97e-05,5.3851,83.942,1.2955e+06
3.98e-05,5.4222,84.07,1.2731e+06
3.99e-05,5.4594,84.196,1.2515e+06
4e-05,5.4965,84.32,1.2306e+06
4.01e-05,5.5336,84.442,1.2105e+06
4.02e-05,5.5708,84.563,1.191e+06
4.03e-05,5.6079,84.681,1.1723e+06
4.04e-05,5.6451,84.797,1.1542e+06
4.05e-05,5.6822,84.912,1.1367e+06
4.06e-05,5.7193,85.024,1.1199e+06
4.07e-05,5.7565,85.136,1.1037e+06
4.08e-05,5.7936,85.245,1.088e+06
4.09e-05,5.8307,85.353,1.0729e+06
4.1e-05,5.8679,85.46,1.0584e+06
4.11e-05,5.905,85.565,1.0444e+06
4.12e-05,5.9422,85.669,1.0308e+06
4.13e-05,5.9793,85.771,1.0178e+06
4.14e-05,6.0164,85.872,1.0053e+06
4.15e-05,6.0536,85.972,9.9318e+05
4.16e-05,6.0907,86.071,9.8153e+05
4.17e-05,6.1278,86.169,9.7031e+05
4.18e-05,6.165,86.265,9.595e+05
4.19e-05,6.2021,86.36,9.4909e+05
4.2e-05,6.2392,86.455,9.3907e+05
4.21e-05,6.2764,86.548,9.2941e+05
4.22e-05,6.3135,86.641,9.2011e+05
4.23e-05,6.3507,86.732,9.1116e+05
4.24e-05,6.3878,86.823,9.0254e+05
4.25e-05,6.4249,86.913,8.9424e+05
4.26e-05,6.4621,87.002,8.8626e+05
4.27e-05,6.4992,87.09,8.7857e+05
4.28e-05,6.5363,87.178,8.7117e+05
4.29e-05,6.5735,87.264,8.6404e+05
4.3e-05,6.6106,87.35,8.5718e+05
4.31e-05,6.6477,87.436,8.5059e+05
4.32e-05,6.6849,87.521,8.4424e+05
4.33e-05,6.722,87.605,8.3813e+05
4.34e-05,6.7592,87.688,8.3225e+05
4.35e-05,6.7963,87.771,8.2659e+05
4.36e-05,6.8334,87.853,8.2115e+05
4.37e-05,6.8706,87.935,8.1591e+05
4.38e-05,6.9077,88.017,8.1087e+05
4.39e-05,6.9448,88.098,8.0603e+05
4.4e-05,6.982,88.178,8.0137e+05
4.41e-05,7.0191,88.258,7.9688e+05
4.42e-05,7.0562,88.337,7.9257e+05
4.43e-05,7.0934,88.416,7.8842e+05
4.44e-05,7.1305,88.495,7.8443e+05
4.45e-05,7.1677,88.573,7.806e+05
4.46e-05,7.2048,88.651,7.7691e+05
4.47e-05,7.2419,88.729,7.7336e+05
4.48e-05,7.2791,88.806,7.6995e+05
4.49e-05,7.3162,88.883,7.6667e+05
4.5e-05,7.3533,88.959,7.6352e+05
4.51e-05,7.3905,89.035,7.6048e+05
4.52e-05,7.4276,89.111,7.5757e+05
4.53e-05,7.4648,89.187,7.5477e+05
4.54e-05,7.5019,89.262,7.5207e+05
4.55e-05,7.539,89.337,7.4948e+05
4.56e-05,7.5762,89.412,7.4699e+05
4.57e-05,7.6133,89.487,7.446e+05
4.58e-05,7.6504,89.561,7.423e+05
4.59e-05,7.6876,89.635,7.4009e+05
4.6e-05,7.7247,89.709,7.3797e+05
4.61e-05,7.7618,89.783,7.3592e+05
4.62e-05,7.799,89.856,7.3396e+05
4.63e-05,7.8361,89.93,7.3208e+05
4.64e-05,7.8733,90.003,7.3027e+05
4.65e-05,7.9104,90.076,7.2853e+05
4.66e-05,7.9475,90.148,7.2685e+05
4.67e-05,7.9847,90.221,7.2525e+05
4.68e-05,8.0218,90.293,7.237e+05
4.69e-05,8.0589,90.366,7.2222e+05
4.7e-05,8.0961,90.438,7.208e+05
4.71e-05,8.1332,90.51,7.1943e+05
4.72e-05,8.1703,90.582,7.1812e+05
4.73e-05,8.2075,90.653,7.1685e+05
4.74e-05,8.2446,90.725,7.1564e+05
4.75e-05,8.2818,90.797,7.1448e+05
4.76e-05,8.3189,90.868,7.1336e+05
4.77e-05,8.356,90.939,7.1229e+05
4.78e-05,8.3932,91.01,7.1126e+05
4.79e-05,8.4303,91.082,7.1027e+05
4.8e-05,8.4674,91.153,7.0932e+05
4.81e-05,8.5046,91.223,7.0841e+05
4.82e-05,8.5417,91.294,7.0754e+05
4.83e-05,8.5788,91.365,7.067e+05
4.84e-05,8.616,91.436,7.059e+05
4.85e-05,8.6531,91.506,7.0512e+05
4.86e-05,8.6903,91.577,7.0438e+05
4.87e-05,8.7274,91.647,7.0367e+05
4.88e-05,8.7645,91.717,7.0299e+05
4.89e-05,8.8017,91.788,7.0234e+05
4.9e-05,8.8388,91.858,7.0171e+05
4.91e-05,8.8759,91.928,7.0111e+05
4.92e-05,8.9131,91.998,7.0053e+05
4.93e-05,8.9502,92.068,6.9998e+05
4.94e-05,8.9874,92.138,6.9945e+05
4.95e-05,9.0245,92.208,6.9894e+05
4.96e-05,9.0616,92.278,6.9846e+05
4.97e-05,9.0988,92.348,6.9799e+05
4.98e-05,9.1359,92.417,6.9755e+05
4.99e-05,9.173,92.487,6.9712e+05
5e-05,9.2102,92.537,3.0216e+05
5.01e-05,9.2102,92.519,-6.6311e+05
5.02e-05,9.173,92.453,-6.6316e+05
5.03e-05,9.1359,92.386,-6.6321e+05
5.04e-05,9.0988,92.32,-6.6327e+05
5.05e-05,9.0616,92.254,-6.6332e+05
5.06e-05,9.0245,92.187,-6.6337e+05
5.07e-05,8.9874,92.121,-6.6342e+05
5.08e-05,8.9502,92.055,-6.6347e+05
5.09e-05,8.9131,91.988,-6.6353e+05
5.1e-05,8.8759,91.922,-6.6358e+05
5.11e-05,8.8388,91.856,-6.6363e+05
5.12e-05,8.8017,91.789,-6.6368e+05
5.13e-05,8.7645,91.723,-6.6374e+05
5.14e-05,8.7274,91.657,-6.6379e+05
5.15e-05,8.6903,91.59,-6.6385e+05
5.16e-05,8.6531,91.524,-6.639e+05
5.17e-05,8.616,91.457,-6.6396e+05
5.18e-05,8.5788,91.391,-6.6401e+05
5.19e-05,8.5417,91.325,-6.6407e+05
5.2e-05,8.5046,91.258,-6.6412e+05
5.21e-05,8.4674,91.192,-6.6418e+05
5.22e-05,8.4303,91.125,-6.6424e+05
5.23e-05,8.3932,91.059,-6.643e+05
5.24e-05,8.356,90.992,-6.6435e+05
5.25e-05,8.3189,90.926,-6.6441e+05
5.26e-05,8.2818,90.86,-6.6447e+05
5.27e-05,8.2446,90.793,-6.6453e+05
5.28e-05,8.2075,90.727,-6.6459e+05
5.29e-05,8.1703,90.66,-6.6465e+05
5.3e-05,8.1332,90.594,-6.6472e+05
5.31e-05,8.0961,90.527,-6.6478e+05
5.32e-05,8.0589,90.461,-6.6484e+05
5.33e-05,8.0218,90.394,-6.6491e+05
5.34e-05,7.9847,90.328,-6.6497e+05
5.35e-05,7.9475,90.261,-6.6504e+05
5.36e-05,7.9104,90.195,-6.651e+05
5.37e-05,7.8733,90.128,-6.6517e+05
5.38e-05,7.8361,90.062,-6.6524e+05
5.39e-05,7.799,89.995,-6.6531e+05
5.4e-05,7.7618,89.929,-6.6538e+05
5.41e-05,7.7247,89.862,-6.6545e+05
5.42e-05,7.6876,89.796,-6.6552e+05
5.43e-05,7.6504,89.729,-6.6559e+05
5.44e-05,7.6133,89.663,-6.6567e+05
5.45e-05,7.5762,89.596,-6.6574e+05
5.46e-05,7.539,89.529,-6.6582e+05
5.47e-05,7.5019,89.463,-6.6589e+05
5.48e-05,7.4648,89.396,-6.6597e+05
5.49e-05,7.4276,89.33,-6.6605e+05
5.5e-05,7.3905,89.263,-6.6614e+05
5.51e-05,7.3533,89.196,-6.6622e+05
5.52e-05,7.3162,89.13,-6.663e+05
5.53e-05,7.2791,89.063,-6.6639e+05
5.54e-05,7.2419,88.996,-6.6648e+05
5.55e-05,7.2048,88.93,-6.6657e+05
5.56e-05,7.1677,88.863,-6.6666e+05
5.57e-05,7.1305,88.796,-6.6675e+05
5.58e-05,7.0934,88.73,-6.6685e+05
5.59e-05,7.0562,88.663,-6.6694e+05
5.6e-05,7.0191,88.596,-6.6704e+05
5.61e-05,6.982,88.53,-6.6714e+05
5.62e-05,6.9448,88.463,-6.6725e+05
5.63e-05,6.9077,88.396,-6.6735e+05
5.64e-05,6.8706,88.33,-6.6746e+05
5.65e-05,6.8334,88.263,-6.6757e+05
5.66e-05,6.7963,88.196,-6.6769e+05
5.67e-05,6.7592,88.129,-6.678e+05
5.68e-05,6.722,88.062,-6.6792e+05
5.69e-05,6.6849,87.996,-6.6805e+05
5.7e-05,6.6477,87.929,-6.6817e+05
5.71e-05,6.6106,87.862,-6.683e+05
5.72e-05,6.5735,87.795,-6.6843e+05
5.73e-05,6.5363,87.728,-6.6857e+05
5.74e-05,6.4992,87.661,-6.6871e+05
5.75e-05,6.4621,87.595,-6.6885e+05
5.76e-05,6.4249,87.528,-6.69e+05
5.77e-05,6.3878,87.461,-6.6915e+05
5.78e-05,6.3507,87.394,-6.693e+05
5.79e-05,6.3135,87.327,-6.6946e+05
5.8e-05,6.2764,87.26,-6.6962e+05
5.81e-05,6.2392,87.193,-6.6979e+05
5.82e-05,6.2021,87.126,-6.6997e+05
5.83e-05,6.165,87.059,-6.7015e+05
5.84e-05,6.1278,86.992,-6.7033e+05
5.85e-05,6.0907,86.925,-6.7052e+05
5.86e-05,6.0536,86.858,-6.7071e+05
5.87e-05,6.0164,86.791,-6.7092e+05
5.88e-05,5.9793,86.724,-6.7112e+05
5.89e-05,5.9422,86.657,-6.7134e+05
5.9e-05,5.905,86.589,-6.7156e+05
5.91e-05,5.8679,86.522,-6.7179e+05
5.92e-05,5.8307,86.455,-6.7202e+05
5.93e-05,5.7936,86.388,-6.7227e+05
5.94e-05,5.7565,86.321,-6.7252e+05
5.95e-05,5.7193,86.253,-6.7278e+05
5.96e-05,5.6822,86.186,-6.7304e+05
5.97e-05,5.6451,86.119,-6.7332e+05
5.98e-05,5.6079,86.051,-6.7361e+05
5.99e-05,5.5708,85.984,-6.739e+05
6e-05,5.5336,85.917,-6.7421e+05
6.01e-05,5.4965,85.849,-6.7452e+05
6.02e-05,5.4594,85.782,-6.7485e+05
6.03e-05,5.4222,85.714,-6.7519e+05
6.04e-05,5.3851,85.647,-6.7554e+05
6.05e-05,5.348,85.579,-6.759e+05
6.06e-05,5.3108,85.511,-6.7627e+05
6.07e-05,5.2737,85.444,-6.7666e+05
6.08e-05,5.2366,85.376,-6.7706e+05
6.09e-05,5.1994,85.308,-6.7748e+05
6.1e-05,5.1623,85.241,-6.7791e+05
6.11e-05,5.1251,85.173,-6.7836e+05
6.12e-05,5.088,85.105,-6.7882e+05
6.13e-05,5.0509,85.037,-6.793e+05
6.14e-05,5.0137,84.969,-6.7979e+05
6.15e-05,4.9766,84.901,-6.8031e+05
6.16e-05,4.9395,84.833,-6.8084e+05
6.17e-05,4.9023,84.765,-6.8139e+05
6.18e-05,4.8652,84.697,-6.8197e+05
6.19e-05,4.8281,84.629,-6.8256e+05
6.2e-05,4.7909,84.56,-6.8318e+05
6.21e-05,4.7538,84.492,-6.8381e+05
6.22e-05,4.7166,84.424,-6.8448e+05
6.23e-05,4.6795,84.355,-6.8516e+05
6.24e-05,4.6424,84.286,-6.8588e+05
6.25e-05,4.6052,84.218,-6.8661e+05
6.26e-05,4.5681,84.149,-6.8738e+05
6.27e-05,4.531,84.08,-6.8818e+05
6.28e-05,4.4938,84.012,-6.89e+05
6.29e-05,4.4567,83.943,-6.8986e+05
6.3e-05,4.4196,83.874,-6.9075e+05
6.31e-05,4.3824,83.804,-6.9167e+05
6.32e-05,4.3453,83.735,-6.9263e+05
6.33e-05,4.3081,83.666,-6.9363e+05
6.34e-05,4.271,83.596,-6.9466e+05
6.35e-05,4.2339,83.527,-6.9573e+05
6.36e-05,4.1967,83.457,-6.9684e+05
6.37e-05,4.1596,83.388,-6.98e+05
6.38e-05,4.1225,83.318,-6.992e+05
6.39e-05,4.0853,83.248,-7.0044e+05
6.4e-05,4.0482,83.178,-7.0174e+05
6.41e-05,4.0111,83.107,-7.0308e+05
6.42e-05,3.9739,83.037,-7.0448e+05
6.43e-05,3.9368,82.966,-7.0593e+05
6.44e-05,3.8996,82.896,-7.0743e+05
6.45e-05,3.8625,82.825,-7.0899e+05
6.46e-05,3.8254,82.754,-7.1062e+05
6.47e-05,3.7882,82.683,-7.123e+05
6.48e-05,3.7511,82.612,-7.1405e+05
6.49e-05,3.714,82.54,-7.1587e+05
6.5e-05,3.6768,82.468,-7.1776e+05
6.51e-05,3.6397,82.397,-7.1972e+05
6.52e-05,3.6025,82.324,-7.2176e+05
6.53e-05,3.5654,82.252,-7.2388e+05
6.54e-05,3.5283,82.18,-7.2608e+05
6.55e-05,3.4911,82.107,-7.2837e+05
6.56e-05,3.454,82.034,-7.3074e+05
6.57e-05,3.4169,81.961,-7.3321e+05
6.58e-05,3.3797,81.887,-7.3577e+05
6.59e-05,3.3426,81.814,-7.3844e+05
6.6e-05,3.3055,81.74,-7.412e+05
6.61e-05,3.2683,81.665,-7.4408e+05
6.62e-05,3.2312,81.591,-7.4707e+05
6.63e-05,3.194,81.516,-7.5017e+05
6.64e-05,3.1569,81.441,-7.5339e+05
6.65e-05,3.1198,81.365,-7.5674e+05
6.66e-05,3.0826,81.289,-7.6022e+05
6.67e-05,3.0455,81.213,-7.6383e+05
6.68e-05,3.0084,81.137,-7.6759e+05
6.69e-05,2.9712,81.06,-7.7149e+05
6.7e-05,2.9341,80.982,-7.7554e+05
6.71e-05,2.897,80.905,-7.7976e+05
6.72e-05,2.8598,80.826,-7.8413e+05
6.73e-05,2.8227,80.748,-7.8868e+05
6.74e-05,2.7855,80.669,-7.934e+05
6.75e-05,2.7484,80.589,-7.983e+05
6.76e-05,2.7113,80.509,-8.034e+05
6.77e-05,2.6741,80.428,-8.0869e+05
6.78e-05,2.637,80.347,-8.1419e+05
6.79e-05,2.5999,80.266,-8.199e+05
6.8e-05,2.5627,80.183,-8.2583e+05
6.81e-05,2.5256,80.1,-8.3199e+05
6.82e-05,2.4885,80.017,-8.3839e+05
6.83e-05,2.4513,79.933,-8.4504e+05
6.84e-05,2.4142,79.848,-8.5194e+05
6.85e-05,2.377,79.762,-8.5911e+05
6.86e-05,2.3399,79.676,-8.6655e+05
6.87e-05,2.3028,79.589,-8.7428e+05
6.88e-05,2.2656,79.501,-8.8231e+05
6.89e-05,2.2285,79.412,-8.9065e+05
6.9e-05,2.1914,79.323,-8.993e+05
6.91e-05,2.1542,79.233,-9.0829e+05
6.92e-05,2.1171,79.141,-9.1762e+05
6.93e-05,2.0799,79.049,-9.273e+05
6.94e-05,2.0428,78.956,-9.3735e+05
6.95e-05,2.0057,78.862,-9.4779e+05
6.96e-05,1.9685,78.766,-9.5862e+05
6.97e-05,1.9314,78.67,-9.6986e+05
6.98e-05,1.8943,78.572,-9.8153e+05
6.99e-05,1.8571,78.473,-9.9363e+05
7e-05,1.82,78.373,-1.0062e+06
7.01e-05,1.7829,78.272,-1.0192e+06
7.02e-05,1.7457,78.17,-1.0327e+06
7.03e-05,1.7086,78.066,-1.0468e+06
7.04e-05,1.6714,77.96,-1.0613e+06
7.05e-05,1.6343,77.853,-1.0764e+06
7.06e-05,1.5972,77.745,-1.0921e+06
7.07e-05,1.56,77.635,-1.1083e+06
7.08e-05,1.5229,77.523,-1.1251e+06
7.09e-05,1.4858,77.41,-1.1425e+06
7.1e-05,1.4486,77.295,-1.1606e+06
7.11e-05,1.4115,77.178,-1.1793e+06
7.12e-05,1.3744,77.059,-1.1988e+06
7.13e-05,1.3372,76.938,-1.2189e+06
7.14e-05,1.3001,76.815,-1.2397e+06
7.15e-05,1.2629,76.69,-1.2613e+06
7.16e-05,1.2258,76.563,-1.2837e+06
7.17e-05,1.1887,76.433,-1.3068e+06
7.18e-05,1.1515,76.301,-1.3308e+06
7.19e-05,1.1144,76.167,-1.3556e+06
7.2e-05,1.0773,76.03,-1.3813e+06
7.21e-05,1.0401,75.891,-1.4078e+06
7.22e-05,1.003,75.748,-1.4353e+06
7.23e-05,0.96585,75.604,-1.4638e+06
7.24e-05,0.92872,75.456,-1.4932e+06
7.25e-05,0.89158,75.305,-1.5236e+06
7.26e-05,0.85444,75.151,-1.555e+06
7.27e-05,0.81731,74.994,-1.5875e+06
7.28e-05,0.78017,74.833,-1.621e+06
7.29e-05,0.74303,74.67,-1.6557e+06
7.3e-05,0.7059,74.502,-1.6915e+06
7.31e-05,0.66876,74.331,-1.7284e+06
7.32e-05,0.63162,74.156,-1.7666e+06
7.33e-05,0.59449,73.978,-1.8059e+06
7.34e-05,0.55735,73.795,-1.8465e+06
7.35e-05,0.52021,73.608,-1.8883e+06
7.36e-05,0.48308,73.417,-1.9314e+06
7.37e-05,0.44594,73.222,-1.9759e+06
7.38e-05,0.4088,73.022,-2.0216e+06
7.39e-05,0.37167,72.818,-2.0687e+06
7.4e-05,0.33453,72.608,-2.1172e+06
7.41e-05,0.29739,72.394,-2.1671e+06
7.42e-05,0.26026,72.175,-2.2184e+06
7.43e-05,0.22312,71.95,-2.2711e+06
7.44e-05,0.18598,71.721,-2.3253e+06
7.45e-05,0.14885,71.485,-2.3809e+06
7.46e-05,0.11171,71.244,-2.438e+06
7.47e-05,0.074575,70.998,-2.4966e+06
7.48e-05,0.037438,70.745,-2.5566e+06
7.49e-05,0.00030161,70.486,-2.6182e+06
7.5e-05,-0.036835,70.221,-2.6812e+06
7.51e-05,-0.073972,69.95,-2.7457e+06
7.52e-05,-0.11111,69.672,-2.8117e+06
7.53e-05,-0.14824,69.387,-2.8792e+06
7.54e-05,-0.18538,69.096,-2.9481e+06
7.55e-05,-0.22252,68.798,-3.0185e+06
7.56e-05,-0.25965,68.492,-3.0903e+06
7.57e-05,-0.29679,68.18,-3.1635e+06
7.58e-05,-0.33393,67.86,-3.238e+06
7.59e-05,-0.37106,67.532,-3.3139e+06
7.6e-05,-0.4082,67.197,-3.391e+06
7.61e-05,-0.44534,66.854,-3.4694e+06
7.62e-05,-0.48247,66.503,-3.549e+06
7.63e-05,-0.51961,66.144,-3.6297e+06
7.64e-05,-0.55675,65.777,-3.7115e+06
7.65e-05,-0.59388,65.402,-3.7942e+06
7.66e-05,-0.63102,65.018,-3.8779e+06
7.67e-05,-0.66816,64.626,-3.9625e+06
7.68e-05,-0.70529,64.225,-4.0477e+06
7.69e-05,-0.74243,63.816,-4.1337e+06
7.7e-05,-0.77957,63.399,-4.2201e+06
7.71e-05,-0.8167,62.972,-4.3071e+06
7.72e-05,-0.85384,62.537,-4.3943e+06
7.73e-05,-0.89098,62.093,-4.4818e+06
7.74e-05,-0.92811,61.641,-4.5693e+06
7.75e-05,-0.96525,61.18,-4.6567e+06
7.76e-05,-1.0024,60.709,-4.744e+06
7.77e-05,-1.0395,60.231,-4.8309e+06
7.78e-05,-1.0767,59.743,-4.9173e+06
7.79e-05,-1.1138,59.247,-5.0031e+06
7.8e-05,-1.1509,58.743,-5.0881e+06
7.81e-05,-1.1881,58.23,-5.172e+06
7.82e-05,-1.2252,57.708,-5.2548e+06
7.83e-05,-1.2623,57.179,-5.3363e+06
7.84e-05,-1.2995,56.641,-5.4163e+06
7.85e-05,-1.3366,56.096,-5.4946e+06
7.86e-05,-1.3738,55.542,-5.571e+06
7.87e-05,-1.4109,54.982,-5.6455e+06
7.88e-05,-1.448,54.413,-5.7177e+06
7.89e-05,-1.4852,53.838,-5.7875e+06
7.9e-05,-1.5223,53.256,-5.8547e+06
7.91e-05,-1.5594,52.667,-5.9192e+06
7.92e-05,-1.5966,52.072,-5.9808e+06
7.93e-05,-1.6337,51.471,-6.0393e+06
7.94e-05,-1.6708,50.865,-6.0945e+06
7.95e-05,-1.708,50.253,-6.1464e+06
7.96e-05,-1.7451,49.636,-6.1948e+06
7.97e-05,-1.7823,49.014,-6.2394e+06
7.98e-05,-1.8194,48.388,-6.2803e+06
7.99e-05,-1.8565,47.758,-6.3173e+06
8e-05,-1.8937,47.125,-6.3502e+06
8.01e-05,-1.9308,46.488,-6.379e+06
8.02e-05,-1.9679,45.849,-6.4035e+06
8.03e-05,-2.0051,45.208,-6.4238e+06
8.04e-05,-2.0422,44.564,-6.4398e+06
8.05e-05,-2.0793,43.92,-6.4513e+06
8.06e-05,-2.1165,43.274,-6.4584e+06
8.07e-05,-2.1536,42.628,-6.4611e+06
8.08e-05,-2.1908,41.982,-6.4593e+06
8.09e-05,-2.2279,41.337,-6.453e+06
8.1e-05,-2.265,40.692,-6.4423e+06
8.11e-05,-2.3022,40.049,-6.4272e+06
8.12e-05,-2.3393,39.407,-6.4077e+06
8.13e-05,-2.3764,38.767,-6.3839e+06
8.14e-05,-2.4136,38.13,-6.3559e+06
8.15e-05,-2.4507,37.496,-6.3238e+06
8.16e-05,-2.4878,36.866,-6.2876e+06
8.17e-05,-2.525,36.239,-6.2474e+06
8.18e-05,-2.5621,35.616,-6.2035e+06
8.19e-05,-2.5993,34.998,-6.1558e+06
8.2e-05,-2.6364,34.385,-6.1046e+06
8.21e-05,-2.6735,33.778,-6.05e+06
8.22e-05,-2.7107,33.176,-5.9921e+06
8.23e-05,-2.7478,32.579,-5.9311e+06
8.24e-05,-2.7849,31.99,-5.8672e+06
8.25e-05,-2.8221,31.406,-5.8005e+06
8.26e-05,-2.8592,30.83,-5.7312e+06
8.27e-05,-2.8964,30.26,-5.6595e+06
8.28e-05,-2.9335,29.698,-5.5855e+06
8.29e-05,-2.9706,29.143,-5.5095e+06
8.3e-05,-3.0078,28.596,-5.4316e+06
8.31e-05,-3.0449,28.057,-5.352e+06
8.32e-05,-3.082,27.526,-5.2708e+06
8.33e-05,-3.1192,27.003,-5.1883e+06
8.34e-05,-3.1563,26.488,-5.1046e+06
8.35e-05,-3.1934,25.982,-5.0199e+06
8.36e-05,-3.2306,25.484,-4.9344e+06
8.37e-05,-3.2677,24.995,-4.8481e+06
8.38e-05,-3.3049,24.514,-4.7614e+06
8.39e-05,-3.342,24.043,-4.6743e+06
8.4e-05,-3.3791,23.58,-4.5869e+06
8.41e-05,-3.4163,23.125,-4.4995e+06
8.42e-05,-3.4534,22.68,-4.4121e+06
8.43e-05,-3.4905,22.243,-4.3249e+06
8.44e-05,-3.5277,21.815,-4.238e+06
8.45e-05,-3.5648,21.395,-4.1515e+06
8.46e-05,-3.6019,20.984,-4.0656e+06
8.47e-05,-3.6391,20.582,-3.9803e+06
8.48e-05,-3.6762,20.188,-3.8957e+06
8.49e-05,-3.7134,19.803,-3.812e+06
8.5e-05,-3.7505,19.426,-3.7291e+06
8.51e-05,-3.7876,19.057,-3.6473e+06
8.52e-05,-3.8248,18.696,-3.5665e+06
8.53e-05,-3.8619,18.344,-3.4868e+06
8.54e-05,-3.899,17.999,-3.4083e+06
8.55e-05,-3.9362,17.662,-3.331e+06
8.56e-05,-3.9733,17.333,-3.255e+06
8.57e-05,-4.0104,17.011,-3.1804e+06
8.58e-05,-4.0476,16.697,-3.107e+06
8.59e-05,-4.0847,16.389,-3.0351e+06
8.6e-05,-4.1219,16.089,-2.9646e+06
8.61e-05,-4.159,15.796,-2.8955e+06
8.62e-05,-4.1961,15.51,-2.8279e+06
8.63e-05,-4.2333,15.231,-2.7617e+06
8.64e-05,-4.2704,14.958,-2.6971e+06
8.65e-05,-4.3075,14.691,-2.6339e+06
8.66e-05,-4.3447,14.431,-2.5722e+06
8.67e-05,-4.3818,14.177,-2.512e+06
8.68e-05,-4.4189,13.929,-2.4532e+06
8.69e-05,-4.4561,13.686,-2.396e+06
8.7e-05,-4.4932,13.449,-2.3402e+06
8.71e-05,-4.5304,13.218,-2.2859e+06
8.72e-05,-4.5675,12.992,-2.233e+06
8.73e-05,-4.6046,12.771,-2.1815e+06
8.74e-05,-4.6418,12.556,-2.1315e+06
8.75e-05,-4.6789,12.345,-2.0829e+06
8.76e-05,-4.716,12.139,-2.0356e+06
8.77e-05,-4.7532,11.938,-1.9897e+06
8.78e-05,-4.7903,11.741,-1.9452e+06
8.79e-05,-4.8275,11.549,-1.9019e+06
8.8e-05,-4.8646,11.361,-1.86e+06
8.81e-05,-4.9017,11.177,-1.8193e+06
8.82e-05,-4.9389,10.997,-1.7798e+06
8.83e-05,-4.976,10.821,-1.7416e+06
8.84e-05,-5.0131,10.648,-1.7045e+06
8.85e-05,-5.0503,10.48,-1.6687e+06
8.86e-05,-5.0874,10.314,-1.6339e+06
8.87e-05,-5.1245,10.153,-1.6003e+06
8.88e-05,-5.1617,9.9943,-1.5677e+06
8.89e-05,-5.1988,9.8391,-1.5362e+06
8.9e-05,-5.236,9.6871,-1.5057e+06
8.91e-05,-5.2731,9.538,-1.4762e+06
8.92e-05,-5.3102,9.3918,-1.4477e+06
8.93e-05,-5.3474,9.2484,-1.4201e+06
8.94e-05,-5.3845,9.1077,-1.3935e+06
8.95e-05,-5.4216,8.9696,-1.3678e+06
8.96e-05,-5.4588,8.8341,-1.3429e+06
8.97e-05,-5.4959,8.701,-1.3189e+06
8.98e-05,-5.533,8.5703,-1.2957e+06
8.99e-05,-5.5702,8.4418,-1.2733e+06
9e-05,-5.6073,8.3156,-1.2517e+06
9.01e-05,-5.6445,8.1914,-1.2308e+06
9.02e-05,-5.6816,8.0694,-1.2107e+06
9.03e-05,-5.7187,7.9493,-1.1912e+06
9.04e-05,-5.7559,7.8311,-1.1725e+06
9.05e-05,-5.793,7.7148,-1.1544e+06
9.06e-05,-5.8301,7.6002,-1.1369e+06
9.07e-05,-5.8673,7.4873,-1.1201e+06
9.08e-05,-5.9044,7.3761,-1.1038e+06
9.09e-05,-5.9415,7.2665,-1.0882e+06
9.1e-05,-5.9787,7.1585,-1.0731e+06
9.11e-05,-6.0158,7.0519,-1.0586e+06
9.12e-05,-6.053,6.9467,-1.0445e+06
9.13e-05,-6.0901,6.843,-1.031e+06
9.14e-05,-6.1272,6.7405,-1.018e+06
9.15e-05,-6.1644,6.6393,-1.0054e+06
9.16e-05,-6.2015,6.5394,-9.9336e+05
9.17e-05,-6.2386,6.4406,-9.8171e+05
9.18e-05,-6.2758,6.343,-9.7049e+05
9.19e-05,-6.3129,6.2465,-9.5968e+05
9.2e-05,-6.3501,6.1511,-9.4927e+05
9.21e-05,-6.3872,6.0567,-9.3925e+05
9.22e-05,-6.4243,5.9632,-9.2959e+05
9.23e-05,-6.4615,5.8707,-9.2029e+05
9.24e-05,-6.4986,5.7791,-9.1134e+05
9.25e-05,-6.5357,5.6884,-9.0272e+05
9.26e-05,-6.5729,5.5986,-8.9442e+05
9.27e-05,-6.61,5.5095,-8.8644e+05
9.28e-05,-6.6471,5.4213,-8.7875e+05
9.29e-05,-6.6843,5.3338,-8.7135e+05
9.3e-05,-6.7214,5.247,-8.6422e+05
9.31e-05,-6.7586,5.1609,-8.5736e+05
9.32e-05,-6.7957,5.0755,-8.5077e+05
9.33e-05,-6.8328,4.9907,-8.4442e+05
9.34e-05,-6.87,4.9066,-8.3831e+05
9.35e-05,-6.9071,4.8231,-8.3243e+05
9.36e-05,-6.9442,4.7401,-8.2677e+05
9.37e-05,-6.9814,4.6577,-8.2133e+05
9.38e-05,-7.0185,4.5758,-8.1609e+05
9.39e-05,-7.0556,4.4945,-8.1105e+05
9.4e-05,-7.0928,4.4136,-8.0621e+05
9.41e-05,-7.1299,4.3332,-8.0155e+05
9.42e-05,-7.1671,4.2533,-7.9706e+05
9.43e-05,-7.2042,4.1738,-7.9275e+05
9.44e-05,-7.2413,4.0947,-7.886e+05
9.45e-05,-7.2785,4.0161,-7.8461e+05
9.46e-05,-7.3156,3.9378,-7.8078e+05
9.47e-05,-7.3527,3.8599,-7.7709e+05
9.48e-05,-7.3899,3.7824,-7.7354e+05
9.49e-05,-7.427,3.7052,-7.7013e+05
9.5e-05,-7.4641,3.6284,-7.6685e+05
9.51e-05,-7.5013,3.5518,-7.637e+05
9.52e-05,-7.5384,3.4756,-7.6066e+05
9.53e-05,-7.5756,3.3997,-7.5775e+05
9.54e-05,-7.6127,3.3241,-7.5495e+05
9.55e-05,-7.6498,3.2487,-7.5225e+05
9.56e-05,-7.687,3.1736,-7.4966e+05
9.57e-05,-7.7241,3.0988,-7.4717e+05
9.58e-05,-7.7612,3.0242,-7.4478e+05
9.59e-05,-7.7984,2.9498,-7.4248e+05
9.6e-05,-7.8355,2.8757,-7.4027e+05
9.61e-05,-7.8727,2.8017,-7.3815e+05
9.62e-05,-7.9098,2.728,-7.361e+05
9.63e-05,-7.9469,2.6545,-7.3414e+05
9.64e-05,-7.9841,2.5812,-7.3226e+05
9.65e-05,-8.0212,2.5081,-7.3045e+05
9.66e-05,-8.0583,2.4351,-7.2871e+05
9.67e-05,-8.0955,2.3623,-7.2703e+05
9.68e-05,-8.1326,2.2897,-7.2543e+05
9.69e-05,-8.1697,2.2172,-7.2388e+05
9.7e-05,-8.2069,2.1449,-7.224e+05
9.71e-05,-8.244,2.0727,-7.2098e+05
9.72e-05,-8.2812,2.0007,-7.1961e+05
9.73e-05,-8.3183,1.9288,-7.183e+05
9.74e-05,-8.3554,1.857,-7.1703e+05
9.75e-05,-8.3926,1.7854,-7.1582e+05
9.76e-05,-8.4297,1.7139,-7.1466e+05
9.77e-05,-8.4668,1.6425,-7.1354e+05
9.78e-05,-8.504,1.5712,-7.1247e+05
9.79e-05,-8.5411,1.5,-7.1144e+05
9.8e-05,-8.5782,1.4289,-7.1045e+05
9.81e-05,-8.6154,1.3579,-7.095e+05
9.82e-05,-8.6525,1.287,-7.0859e+05
9.83e-05,-8.6897,1.2162,-7.0772e+05
9.84e-05,-8.7268,1.1454,-7.0688e+05
9.85e-05,-8.7639,1.0748,-7.0608e+05
9.86e-05,-8.8011,1.0042,-7.053e+05
9.87e-05,-8.8382,0.93372,-7.0456e+05
9.88e-05,-8.8753,0.8633,-7.0385e+05
9.89e-05,-8.9125,0.79295,-7.0317e+05
9.9e-05,-8.9496,0.72267,-7.0252e+05
9.91e-05,-8.9867,0.65245,-7.0189e+05
9.92e-05,-9.0239,0.58229,-7.0129e+05
9.93e-05,-9.061,0.51219,-7.0071e+05
9.94e-05,-9.0982,0.44214,-7.0016e+05
9.95e-05,-9.1353,0.37215,-6.9963e+05
9.96e-05,-9.1724,0.30221,-6.9912e+05
9.97e-05,-9.2096,0.23233,-6.9864e+05
9.98e-05,-9.2467,0.16249,-6.9817e+05
9.99e-05,-9.2838,0.092691,-6.9773e+05
0.0001,-9.321,0.02294,-6.973e+05
0.0001001,-9.3581,-0.046793,-6.9735e+05
