0,-9.5285,0,-8.4507e+05
1e-07,-9.4904,-0.08401,-8.3514e+05
2e-07,-9.4524,-0.16703,-8.2521e+05
3e-07,-9.4143,-0.24905,-8.1527e+05
4e-07,-9.3762,-0.33008,-8.0534e+05
5e-07,-9.3381,-0.41012,-7.9541e+05
6e-07,-9.3,-0.48916,-7.8548e+05
7e-07,-9.2619,-0.56722,-7.7555e+05
8e-07,-9.2239,-0.64428,-7.6562e+05
9e-07,-9.1858,-0.72034,-7.5569e+05
1e-06,-9.1477,-0.79541,-7.4576e+05
1.1e-06,-9.1096,-0.86949,-7.3583e+05
1.2e-06,-9.0715,-0.94258,-7.259e+05
1.3e-06,-9.0334,-1.0147,-7.1597e+05
1.4e-06,-8.9953,-1.0858,-7.0604e+05
1.5e-06,-8.9573,-1.1559,-6.9611e+05
1.6e-06,-8.9192,-1.225,-6.8617e+05
1.7e-06,-8.8811,-1.2931,-6.7624e+05
1.8e-06,-8.843,-1.3602,-6.6631e+05
1.9e-06,-8.8049,-1.4264,-6.5638e+05
2e-06,-8.7668,-1.4915,-6.4645e+05
2.1e-06,-8.7287,-1.5557,-6.3652e+05
2.2e-06,-8.6907,-1.6188,-6.2659e+05
2.3e-06,-8.6526,-1.681,-6.1666e+05
2.4e-06,-8.6145,-1.7422,-6.0673e+05
2.5e-06,-8.5764,-1.8023,-5.968e+05
2.6e-06,-8.5383,-1.8615,-5.8686e+05
2.7e-06,-8.5002,-1.9197,-5.7693e+05
2.8e-06,-8.4622,-1.9769,-5.67e+05
2.9e-06,-8.4241,-2.0331,-5.5707e+05
3e-06,-8.386,-2.0883,-5.4714e+05
3.1e-06,-8.3479,-2.1425,-5.3721e+05
3.2e-06,-8.3098,-2.1958,-5.2728e+05
3.3e-06,-8.2717,-2.248,-5.1735e+05
3.4e-06,-8.2336,-2.2992,-5.0741e+05
3.5e-06,-8.1956,-2.3495,-4.9748e+05
3.6e-06,-8.1575,-2.3987,-4.8755e+05
3.7e-06,-8.1194,-2.447,-4.7762e+05
3.8e-06,-8.0813,-2.4942,-4.6769e+05
3.9e-06,-8.0432,-2.5405,-4.5776e+05
4e-06,-8.0051,-2.5858,-4.4782e+05
4.1e-06,-7.967,-2.6301,-4.3789e+05
4.2e-06,-7.929,-2.6734,-4.2796e+05
4.3e-06,-7.8909,-2.7157,-4.1803e+05
4.4e-06,-7.8528,-2.757,-4.081e+05
4.5e-06,-7.8147,-2.7973,-3.9816e+05
4.6e-06,-7.7766,-2.8366,-3.8823e+05
4.7e-06,-7.7385,-2.8749,-3.783e+05
4.8e-06,-7.7005,-2.9123,-3.6837e+05
4.9e-06,-7.6624,-2.9486,-3.5843e+05
5e-06,-7.6243,-2.984,-3.485e+05
5.1e-06,-7.5862,-3.0183,-3.3857e+05
5.2e-06,-7.5481,-3.0517,-3.2864e+05
5.3e-06,-7.51,-3.084,-3.187e+05
5.4e-06,-7.4719,-3.1154,-3.0877e+05
5.5e-06,-7.4339,-3.1458,-2.9884e+05
5.6e-06,-7.3958,-3.1752,-2.889e+05
5.7e-06,-7.3577,-3.2036,-2.7897e+05
5.8e-06,-7.3196,-3.231,-2.6904e+05
5.9e-06,-7.2815,-3.2574,-2.591e+05
6e-06,-7.2434,-3.2828,-2.4917e+05
6.1e-06,-7.2053,-3.3072,-2.3923e+05
6.2e-06,-7.1673,-3.3306,-2.293e+05
6.3e-06,-7.1292,-3.3531,-2.1937e+05
6.4e-06,-7.0911,-3.3745,-2.0943e+05
6.5e-06,-7.053,-3.395,-1.995e+05
6.6e-06,-7.0149,-3.4144,-1.8956e+05
6.7e-06,-6.9768,-3.4329,-1.7963e+05
6.8e-06,-6.9388,-3.4503,-1.6969e+05
6.9e-06,-6.9007,-3.4668,-1.5975e+05
7e-06,-6.8626,-3.4823,-1.4982e+05
7.1e-06,-6.8245,-3.4968,-1.3988e+05
7.2e-06,-6.7864,-3.5103,-1.2995e+05
7.3e-06,-6.7483,-3.5228,-1.2001e+05
7.4e-06,-6.7102,-3.5343,-1.1007e+05
7.5e-06,-6.6722,-3.5448,-1.0013e+05
7.6e-06,-6.6341,-3.5543,-90196
7.7e-06,-6.596,-3.5628,-80258
7.8e-06,-6.5579,-3.5704,-70319
7.9e-06,-6.5198,-3.5769,-60380
8e-06,-6.4817,-3.5824,-50440
8.1e-06,-6.4436,-3.587,-40500
8.2e-06,-6.4056,-3.5905,-30560
8.3e-06,-6.3675,-3.5931,-20619
8.4e-06,-6.3294,-3.5947,-10678
8.5e-06,-6.2913,-3.5952,-735.9
8.6e-06,-6.2532,-3.5948,9206.6
8.7e-06,-6.2151,-3.5934,19150
8.8e-06,-6.1771,-3.591,29093
8.9e-06,-6.139,-3.5876,39038
9e-06,-6.1009,-3.5832,48982
9.1e-06,-6.0628,-3.5778,58928
9.2e-06,-6.0247,-3.5714,68875
9.3e-06,-5.9866,-3.564,78822
9.4e-06,-5.9485,-3.5556,88770
9.5e-06,-5.9105,-3.5462,98718
9.6e-06,-5.8724,-3.5359,1.0867e+05
9.7e-06,-5.8343,-3.5245,1.1862e+05
9.8e-06,-5.7962,-3.5121,1.2857e+05
9.9e-06,-5.7581,-3.4988,1.3852e+05
1e-05,-5.72,-3.4844,1.4848e+05
1.01e-05,-5.6819,-3.4691,1.5843e+05
1.02e-05,-5.6439,-3.4528,1.6839e+05
1.03e-05,-5.6058,-3.4354,1.7834e+05
1.04e-05,-5.5677,-3.4171,1.883e+05
1.05e-05,-5.5296,-3.3978,1.9826e+05
1.06e-05,-5.4915,-3.3774,2.0822e+05
1.07e-05,-5.4534,-3.3561,2.1819e+05
1.08e-05,-5.4154,-3.3338,2.2815e+05
1.09e-05,-5.3773,-3.3105,2.3812e+05
1.1e-05,-5.3392,-3.2862,2.4809e+05
1.11e-05,-5.3011,-3.2609,2.5806e+05
1.12e-05,-5.263,-3.2346,2.6803e+05
1.13e-05,-5.2249,-3.2073,2.78e+05
1.14e-05,-5.1868,-3.179,2.8798e+05
1.15e-05,-5.1488,-3.1497,2.9795e+05
1.16e-05,-5.1107,-3.1194,3.0793e+05
1.17e-05,-5.0726,-3.0881,3.1792e+05
1.18e-05,-5.0345,-3.0558,3.279e+05
1.19e-05,-4.9964,-3.0225,3.3789e+05
1.2e-05,-4.9583,-2.9882,3.4788e+05
1.21e-05,-4.9202,-2.9529,3.5787e+05
1.22e-05,-4.8822,-2.9166,3.6787e+05
1.23e-05,-4.8441,-2.8793,3.7787e+05
1.24e-05,-4.806,-2.8411,3.8787e+05
1.25e-05,-4.7679,-2.8018,3.9788e+05
1.26e-05,-4.7298,-2.7615,4.0789e+05
1.27e-05,-4.6917,-2.7202,4.179e+05
1.28e-05,-4.6537,-2.6779,4.2792e+05
1.29e-05,-4.6156,-2.6346,4.3794e+05
1.3e-05,-4.5775,-2.5903,4.4796e+05
1.31e-05,-4.5394,-2.545,4.58e+05
1.32e-05,-4.5013,-2.4987,4.6803e+05
1.33e-05,-4.4632,-2.4514,4.7807e+05
1.34e-05,-4.4251,-2.4031,4.8812e+05
1.35e-05,-4.3871,-2.3538,4.9817e+05
1.36e-05,-4.349,-2.3035,5.0823e+05
1.37e-05,-4.3109,-2.2521,5.1829e+05
1.38e-05,-4.2728,-2.1998,5.2836e+05
1.39e-05,-4.2347,-2.1465,5.3844e+05
1.4e-05,-4.1966,-2.0921,5.4852e+05
1.41e-05,-4.1585,-2.0368,5.5861e+05
1.42e-05,-4.1205,-1.9804,5.6871e+05
1.43e-05,-4.0824,-1.923,5.7882e+05
1.44e-05,-4.0443,-1.8646,5.8894e+05
1.45e-05,-4.0062,-1.8052,5.9906e+05
1.46e-05,-3.9681,-1.7448,6.092e+05
1.47e-05,-3.93,-1.6834,6.1934e+05
1.48e-05,-3.892,-1.621,6.295e+05
1.49e-05,-3.8539,-1.5575,6.3966e+05
1.5e-05,-3.8158,-1.493,6.4984e+05
1.51e-05,-3.7777,-1.4275,6.6003e+05
1.52e-05,-3.7396,-1.361,6.7023e+05
1.53e-05,-3.7015,-1.2935,6.8044e+05
1.54e-05,-3.6634,-1.2249,6.9067e+05
1.55e-05,-3.6254,-1.1553,7.0091e+05
1.56e-05,-3.5873,-1.0847,7.1117e+05
1.57e-05,-3.5492,-1.0131,7.2144e+05
1.58e-05,-3.5111,-0.94045,7.3173e+05
1.59e-05,-3.473,-0.86676,7.4204e+05
1.6e-05,-3.4349,-0.79204,7.5236e+05
1.61e-05,-3.3968,-0.71629,7.6271e+05
1.62e-05,-3.3588,-0.6395,7.7307e+05
1.63e-05,-3.3207,-0.56167,7.8346e+05
1.64e-05,-3.2826,-0.48281,7.9386e+05
1.65e-05,-3.2445,-0.4029,8.0429e+05
1.66e-05,-3.2064,-0.32195,8.1475e+05
1.67e-05,-3.1683,-0.23995,8.2523e+05
1.68e-05,-3.1303,-0.1569,8.3573e+05
1.69e-05,-3.0922,-0.072802,8.4627e+05
1.7e-05,-3.0541,0.012353,8.5683e+05
1.71e-05,-3.016,0.098565,8.6742e+05
1.72e-05,-2.9779,0.18584,8.7805e+05
1.73e-05,-2.9398,0.27418,8.8871e+05
1.74e-05,-2.9017,0.36358,8.994e+05
1.75e-05,-2.8637,0.45406,9.1013e+05
1.76e-05,-2.8256,0.54561,9.209e+05
1.77e-05,-2.7875,0.63824,9.3171e+05
1.78e-05,-2.7494,0.73195,9.4256e+05
1.79e-05,-2.7113,0.82675,9.5346e+05
1.8e-05,-2.6732,0.92265,9.644e+05
1.81e-05,-2.6351,1.0196,9.7539e+05
1.82e-05,-2.5971,1.1177,9.8644e+05
1.83e-05,-2.559,1.2169,9.9753e+05
1.84e-05,-2.5209,1.3172,1.0087e+06
1.85e-05,-2.4828,1.4187,1.0199e+06
1.86e-05,-2.4447,1.5212,1.0312e+06
1.87e-05,-2.4066,1.6249,1.0425e+06
1.88e-05,-2.3686,1.7297,1.0539e+06
1.89e-05,-2.3305,1.8357,1.0654e+06
1.9e-05,-2.2924,1.9428,1.0769e+06
1.91e-05,-2.2543,2.0511,1.0886e+06
1.92e-05,-2.2162,2.1605,1.1003e+06
1.93e-05,-2.1781,2.2711,1.1121e+06
1.94e-05,-2.14,2.3829,1.124e+06
1.95e-05,-2.102,2.4959,1.136e+06
1.96e-05,-2.0639,2.6101,1.148e+06
1.97e-05,-2.0258,2.7256,1.1602e+06
1.98e-05,-1.9877,2.8422,1.1725e+06
1.99e-05,-1.9496,2.9601,1.1849e+06
2e-05,-1.9115,3.0792,1.1974e+06
2.01e-05,-1.8734,3.1996,1.2101e+06
2.02e-05,-1.8354,3.3212,1.2229e+06
2.03e-05,-1.7973,3.4441,1.2358e+06
2.04e-05,-1.7592,3.5684,1.2488e+06
2.05e-05,-1.7211,3.6939,1.262e+06
2.06e-05,-1.683,3.8208,1.2754e+06
2.07e-05,-1.6449,3.949,1.2889e+06
2.08e-05,-1.6069,4.0786,1.3026e+06
2.09e-05,-1.5688,4.2095,1.3165e+06
2.1e-05,-1.5307,4.3419,1.3306e+06
2.11e-05,-1.4926,4.4757,1.3449e+06
2.12e-05,-1.4545,4.6109,1.3594e+06
2.13e-05,-1.4164,4.7476,1.3741e+06
2.14e-05,-1.3783,4.8857,1.389e+06
2.15e-05,-1.3403,5.0254,1.4041e+06
2.16e-05,-1.3022,5.1665,1.4196e+06
2.17e-05,-1.2641,5.3093,1.4352e+06
2.18e-05,-1.226,5.4536,1.4512e+06
2.19e-05,-1.1879,5.5995,1.4674e+06
2.2e-05,-1.1498,5.7471,1.484e+06
2.21e-05,-1.1117,5.8963,1.5008e+06
2.22e-05,-1.0737,6.0473,1.518e+06
2.23e-05,-1.0356,6.2,1.5355e+06
2.24e-05,-0.99749,6.3544,1.5534e+06
2.25e-05,-0.95941,6.5107,1.5717e+06
2.26e-05,-0.92132,6.6688,1.5903e+06
2.27e-05,-0.88324,6.8287,1.6094e+06
2.28e-05,-0.84515,6.9907,1.6289e+06
2.29e-05,-0.80707,7.1545,1.6488e+06
2.3e-05,-0.76898,7.3204,1.6693e+06
2.31e-05,-0.7309,7.4884,1.6902e+06
2.32e-05,-0.69281,7.6585,1.7116e+06
2.33e-05,-0.65473,7.8308,1.7336e+06
2.34e-05,-0.61664,8.0053,1.7562e+06
2.35e-05,-0.57856,8.182,1.7793e+06
2.36e-05,-0.54047,8.3611,1.803e+06
2.37e-05,-0.50239,8.5427,1.8275e+06
2.38e-05,-0.4643,8.7267,1.8525e+06
2.39e-05,-0.42622,8.9132,1.8783e+06
2.4e-05,-0.38813,9.1024,1.9048e+06
2.41e-05,-0.35005,9.2942,1.9321e+06
2.42e-05,-0.31196,9.4888,1.9602e+06
2.43e-05,-0.27388,9.6863,1.9892e+06
2.44e-05,-0.23579,9.8867,2.019e+06
2.45e-05,-0.19771,10.09,2.0497e+06
2.46e-05,-0.15962,10.297,2.0814e+06
2.47e-05,-0.12154,10.506,2.1141e+06
2.48e-05,-0.083455,10.72,2.1478e+06
2.49e-05,-0.04537,10.936,2.1826e+06
2.5e-05,-0.0072849,11.156,2.2185e+06
2.51e-05,0.0308,11.38,2.2557e+06
2.52e-05,0.068885,11.607,2.294e+06
2.53e-05,0.10697,11.839,2.3336e+06
2.54e-05,0.14506,12.074,2.3746e+06
2.55e-05,0.18314,12.314,2.4169e+06
2.56e-05,0.22122,12.558,2.4607e+06
2.57e-05,0.25931,12.806,2.506e+06
2.58e-05,0.29739,13.059,2.5528e+06
2.59e-05,0.33548,13.317,2.6013e+06
2.6e-05,0.37356,13.579,2.6514e+06
2.61e-05,0.41165,13.847,2.7033e+06
2.62e-05,0.44973,14.12,2.757e+06
2.63e-05,0.48782,14.398,2.8126e+06
2.64e-05,0.5259,14.683,2.8702e+06
2.65e-05,0.56399,14.973,2.9298e+06
2.66e-05,0.60207,15.269,2.9914e+06
2.67e-05,0.64016,15.571,3.0553e+06
2.68e-05,0.67824,15.88,3.1214e+06
2.69e-05,0.71633,16.195,3.1898e+06
2.7e-05,0.75441,16.518,3.2606e+06
2.71e-05,0.7925,16.848,3.3339e+06
2.72e-05,0.83058,17.185,3.4097e+06
2.73e-05,0.86867,17.53,3.4882e+06
2.74e-05,0.90675,17.883,3.5694e+06
2.75e-05,0.94484,18.244,3.6533e+06
2.76e-05,0.98292,18.613,3.7402e+06
2.77e-05,1.021,18.992,3.8299e+06
2.78e-05,1.0591,19.379,3.9227e+06
2.79e-05,1.0972,19.777,4.0186e+06
2.8e-05,1.1353,20.183,4.1176e+06
2.81e-05,1.1733,20.6,4.2198e+06
2.82e-05,1.2114,21.027,4.3254e+06
2.83e-05,1.2495,21.465,4.4343e+06
2.84e-05,1.2876,21.915,4.5466e+06
2.85e-05,1.3257,22.375,4.6623e+06
2.86e-05,1.3638,22.847,4.7815e+06
2.87e-05,1.4019,23.331,4.9043e+06
2.88e-05,1.4399,23.828,5.0307e+06
2.89e-05,1.478,24.338,5.1606e+06
2.9e-05,1.5161,24.86,5.2942e+06
2.91e-05,1.5542,25.397,5.4313e+06
2.92e-05,1.5923,25.947,5.5721e+06
2.93e-05,1.6304,26.511,5.7164e+06
2.94e-05,1.6685,27.09,5.8643e+06
2.95e-05,1.7065,27.684,6.0157e+06
2.96e-05,1.7446,28.294,6.1706e+06
2.97e-05,1.7827,28.919,6.3288e+06
2.98e-05,1.8208,29.56,6.4903e+06
2.99e-05,1.8589,30.217,6.655e+06
3e-05,1.897,30.891,6.8227e+06
3.01e-05,1.935,31.582,6.9933e+06
3.02e-05,1.9731,32.29,7.1666e+06
3.03e-05,2.0112,33.015,7.3425e+06
3.04e-05,2.0493,33.758,7.5206e+06
3.05e-05,2.0874,34.519,7.7009e+06
3.06e-05,2.1255,35.298,7.883e+06
3.07e-05,2.1636,36.096,8.0666e+06
3.08e-05,2.2016,36.912,8.2515e+06
3.09e-05,2.2397,37.746,8.4373e+06
3.1e-05,2.2778,38.599,8.6237e+06
3.11e-05,2.3159,39.471,8.8103e+06
3.12e-05,2.354,40.361,8.9967e+06
3.13e-05,2.3921,41.27,9.1826e+06
3.14e-05,2.4302,42.198,9.3673e+06
3.15e-05,2.4682,43.144,9.5506e+06
3.16e-05,2.5063,44.108,9.732e+06
3.17e-05,2.5444,45.09,9.9109e+06
3.18e-05,2.5825,46.09,1.0087e+07
3.19e-05,2.6206,47.107,1.0259e+07
3.2e-05,2.6587,48.142,1.0428e+07
3.21e-05,2.6967,49.193,1.0592e+07
3.22e-05,2.7348,50.26,1.0751e+07
3.23e-05,2.7729,51.343,1.0905e+07
3.24e-05,2.811,52.44,1.1052e+07
3.25e-05,2.8491,53.553,1.1193e+07
3.26e-05,2.8872,54.679,1.1327e+07
3.27e-05,2.9253,55.818,1.1454e+07
3.28e-05,2.9633,56.969,1.1572e+07
3.29e-05,3.0014,58.132,1.1682e+07
3.3e-05,3.0395,59.305,1.1784e+07
3.31e-05,3.0776,60.488,1.1876e+07
3.32e-05,3.1157,61.68,1.1958e+07
3.33e-05,3.1538,62.879,1.2031e+07
3.34e-05,3.1919,64.085,1.2093e+07
3.35e-05,3.2299,65.297,1.2145e+07
3.36e-05,3.268,66.514,1.2187e+07
3.37e-05,3.3061,67.734,1.2218e+07
3.38e-05,3.3442,68.957,1.2238e+07
3.39e-05,3.3823,70.181,1.2248e+07
3.4e-05,3.4204,71.406,1.2246e+07
3.41e-05,3.4584,72.63,1.2234e+07
3.42e-05,3.4965,73.852,1.2211e+07
3.43e-05,3.5346,75.072,1.2177e+07
3.44e-05,3.5727,76.287,1.2134e+07
3.45e-05,3.6108,77.498,1.208e+07
3.46e-05,3.6489,78.703,1.2016e+07
3.47e-05,3.687,79.901,1.1943e+07
3.48e-05,3.725,81.091,1.186e+07
3.49e-05,3.7631,82.272,1.1769e+07
3.5e-05,3.8012,83.444,1.167e+07
3.51e-05,3.8393,84.606,1.1562e+07
3.52e-05,3.8774,85.756,1.1447e+07
3.53e-05,3.9155,86.895,1.1326e+07
3.54e-05,3.9536,88.021,1.1197e+07
3.55e-05,3.9916,89.134,1.1063e+07
3.56e-05,4.0297,90.233,1.0923e+07
3.57e-05,4.0678,91.319,1.0778e+07
3.58e-05,4.1059,92.389,1.0629e+07
3.59e-05,4.144,93.444,1.0476e+07
3.6e-05,4.1821,94.484,1.032e+07
3.61e-05,4.2201,95.508,1.016e+07
3.62e-05,4.2582,96.516,9.9985e+06
3.63e-05,4.2963,97.508,9.8349e+06
3.64e-05,4.3344,98.483,9.6699e+06
3.65e-05,4.3725,99.441,9.5038e+06
3.66e-05,4.4106,100.38,9.3372e+06
3.67e-05,4.4487,101.31,9.1705e+06
3.68e-05,4.4867,102.22,9.004e+06
3.69e-05,4.5248,103.11,8.8381e+06
3.7e-05,4.5629,103.99,8.6732e+06
3.71e-05,4.601,104.84,8.5096e+06
3.72e-05,4.6391,105.69,8.3475e+06
3.73e-05,4.6772,106.51,8.1873e+06
3.74e-05,4.7153,107.32,8.0293e+06
3.75e-05,4.7533,108.12,7.8736e+06
3.76e-05,4.7914,108.9,7.7204e+06
3.77e-05,4.8295,109.66,7.57e+06
3.78e-05,4.8676,110.41,7.4224e+06
3.79e-05,4.9057,111.15,7.278e+06
3.8e-05,4.9438,111.87,7.1367e+06
3.81e-05,4.9818,112.58,6.9987e+06
3.82e-05,5.0199,113.27,6.8641e+06
3.83e-05,5.058,113.95,6.7329e+06
3.84e-05,5.0961,114.62,6.6053e+06
3.85e-05,5.1342,115.27,6.4812e+06
3.86e-05,5.1723,115.91,6.3607e+06
3.87e-05,5.2104,116.54,6.2438e+06
3.88e-05,5.2484,117.16,6.1305e+06
3.89e-05,5.2865,117.77,6.0208e+06
3.9e-05,5.3246,118.37,5.9147e+06
3.91e-05,5.3627,118.95,5.8121e+06
3.92e-05,5.4008,119.53,5.7131e+06
3.93e-05,5.4389,120.1,5.6176e+06
3.94e-05,5.477,120.65,5.5256e+06
3.95e-05,5.515,121.2,5.4369e+06
3.96e-05,5.5531,121.74,5.3516e+06
3.97e-05,5.5912,122.27,5.2696e+06
3.98e-05,5.6293,122.79,5.1908e+06
3.99e-05,5.6674,123.31,5.1151e+06
4e-05,5.7055,123.82,5.0425e+06
4.01e-05,5.7435,124.32,4.9729e+06
4.02e-05,5.7816,124.81,4.9063e+06
4.03e-05,5.8197,125.3,4.8425e+06
4.04e-05,5.8578,125.78,4.7815e+06
4.05e-05,5.8959,126.26,4.7231e+06
4.06e-05,5.934,126.73,4.6674e+06
4.07e-05,5.9721,127.19,4.6143e+06
4.08e-05,6.0101,127.65,4.5636e+06
4.09e-05,6.0482,128.1,4.5153e+06
4.1e-05,6.0863,128.55,4.4693e+06
4.11e-05,6.1244,129,4.4256e+06
4.12e-05,6.1625,129.44,4.384e+06
4.13e-05,6.2006,129.87,4.3445e+06
4.14e-05,6.2387,130.31,4.307e+06
4.15e-05,6.2767,130.73,4.2715e+06
4.16e-05,6.3148,131.16,4.2379e+06
4.17e-05,6.3529,131.58,4.206e+06
4.18e-05,6.391,132,4.1759e+06
4.19e-05,6.4291,132.42,4.1475e+06
4.2e-05,6.4672,132.83,4.1207e+06
4.21e-05,6.5052,133.24,4.0954e+06
4.22e-05,6.5433,133.65,4.0717e+06
4.23e-05,6.5814,134.06,4.0494e+06
4.24e-05,6.6195,134.46,4.0284e+06
4.25e-05,6.6576,134.86,4.0088e+06
4.26e-05,6.6957,135.26,3.9905e+06
4.27e-05,6.7338,135.66,3.9733e+06
4.28e-05,6.7718,136.06,3.9574e+06
4.29e-05,6.8099,136.45,3.9426e+06
4.3e-05,6.848,136.85,3.9288e+06
4.31e-05,6.8861,137.24,3.9161e+06
4.32e-05,6.9242,137.63,3.9044e+06
4.33e-05,6.9623,138.02,3.8936e+06
4.34e-05,7.0004,138.41,3.8838e+06
4.35e-05,7.0384,138.79,3.8748e+06
4.36e-05,7.0765,139.18,3.8666e+06
4.37e-05,7.1146,139.57,3.8593e+06
4.38e-05,7.1527,139.95,3.8527e+06
4.39e-05,7.1908,140.34,3.8469e+06
4.4e-05,7.2289,140.72,3.8417e+06
4.41e-05,7.2669,141.11,3.8372e+06
4.42e-05,7.305,141.49,3.8334e+06
4.43e-05,7.3431,141.87,3.8302e+06
4.44e-05,7.3812,142.26,3.8276e+06
4.45e-05,7.4193,142.64,3.8255e+06
4.46e-05,7.4574,143.02,3.824e+06
4.47e-05,7.4955,143.4,3.823e+06
4.48e-05,7.5335,143.79,3.8225e+06
4.49e-05,7.5716,144.17,3.8224e+06
4.5e-05,7.6097,144.55,3.8228e+06
4.51e-05,7.6478,144.93,3.8237e+06
4.52e-05,7.6859,145.32,3.8249e+06
4.53e-05,7.724,145.7,3.8266e+06
4.54e-05,7.7621,146.08,3.8286e+06
4.55e-05,7.8001,146.46,3.831e+06
4.56e-05,7.8382,146.85,3.8337e+06
4.57e-05,7.8763,147.23,3.8367e+06
4.58e-05,7.9144,147.61,3.8401e+06
4.59e-05,7.9525,148,3.8437e+06
4.6e-05,7.9906,148.38,3.8477e+06
4.61e-05,8.0286,148.77,3.8519e+06
4.62e-05,8.0667,149.15,3.8564e+06
4.63e-05,8.1048,149.54,3.8611e+06
4.64e-05,8.1429,149.93,3.8661e+06
4.65e-05,8.181,150.31,3.8713e+06
4.66e-05,8.2191,150.7,3.8767e+06
4.67e-05,8.2572,151.09,3.8823e+06
4.68e-05,8.2952,151.48,3.8881e+06
4.69e-05,8.3333,151.87,3.8941e+06
4.7e-05,8.3714,152.26,3.9002e+06
4.71e-05,8.4095,152.65,3.9066e+06
4.72e-05,8.4476,153.04,3.9131e+06
4.73e-05,8.4857,153.43,3.9198e+06
4.74e-05,8.5238,153.82,3.9266e+06
4.75e-05,8.5618,154.21,3.9336e+06
4.76e-05,8.5999,154.61,3.9407e+06
4.77e-05,8.638,155,3.9479e+06
4.78e-05,8.6761,155.4,3.9552e+06
4.79e-05,8.7142,155.79,3.9627e+06
4.8e-05,8.7523,156.19,3.9703e+06
4.81e-05,8.7903,156.59,3.978e+06
4.82e-05,8.8284,156.99,3.9858e+06
4.83e-05,8.8665,157.38,3.9936e+06
4.84e-05,8.9046,157.78,4.0016e+06
4.85e-05,8.9427,158.18,4.0097e+06
4.86e-05,8.9808,158.59,4.0179e+06
4.87e-05,9.0189,158.99,4.0261e+06
4.88e-05,9.0569,159.39,4.0344e+06
4.89e-05,9.095,159.8,4.0428e+06
4.9e-05,9.1331,160.2,4.0513e+06
4.91e-05,9.1712,160.61,4.0598e+06
4.92e-05,9.2093,161.01,4.0684e+06
4.93e-05,9.2474,161.42,4.0771e+06
4.94e-05,9.2855,161.83,4.0858e+06
4.95e-05,9.3235,162.24,4.0945e+06
4.96e-05,9.3616,162.65,4.1034e+06
4.97e-05,9.3997,163.06,4.1122e+06
4.98e-05,9.4378,163.47,4.1212e+06
4.99e-05,9.4759,163.88,4.1301e+06
5e-05,9.514,164.23,2.8929e+06
5.01e-05,9.514,164.42,8.4127e+05
5.02e-05,9.4759,164.5,8.3134e+05
5.03e-05,9.4378,164.59,8.2141e+05
5.04e-05,9.3997,164.67,8.1148e+05
5.05e-05,9.3616,164.75,8.0155e+05
5.06e-05,9.3235,164.83,7.9161e+05
5.07e-05,9.2855,164.91,7.8168e+05
5.08e-05,9.2474,164.98,7.7175e+05
5.09e-05,9.2093,165.06,7.6182e+05
5.1e-05,9.1712,165.14,7.5189e+05
5.11e-05,9.1331,165.21,7.4196e+05
5.12e-05,9.095,165.28,7.3203e+05
5.13e-05,9.0569,165.36,7.221e+05
5.14e-05,9.0189,165.43,7.1217e+05
5.15e-05,8.9808,165.5,7.0224e+05
5.16e-05,8.9427,165.57,6.9231e+05
5.17e-05,8.9046,165.64,6.8238e+05
5.18e-05,8.8665,165.71,6.7245e+05
5.19e-05,8.8284,165.77,6.6251e+05
5.2e-05,8.7903,165.84,6.5258e+05
5.21e-05,8.7523,165.9,6.4265e+05
5.22e-05,8.7142,165.97,6.3272e+05
5.23e-05,8.6761,166.03,6.2279e+05
5.24e-05,8.638,166.09,6.1286e+05
5.25e-05,8.5999,166.15,6.0293e+05
5.26e-05,8.5618,166.21,5.93e+05
5.27e-05,8.5238,166.27,5.8307e+05
5.28e-05,8.4857,166.33,5.7313e+05
5.29e-05,8.4476,166.39,5.632e+05
5.3e-05,8.4095,166.44,5.5327e+05
5.31e-05,8.3714,166.5,5.4334e+05
5.32e-05,8.3333,166.55,5.3341e+05
5.33e-05,8.2952,166.6,5.2348e+05
5.34e-05,8.2572,166.65,5.1355e+05
5.35e-05,8.2191,166.71,5.0362e+05
5.36e-05,8.181,166.76,4.9368e+05
5.37e-05,8.1429,166.8,4.8375e+05
5.38e-05,8.1048,166.85,4.7382e+05
5.39e-05,8.0667,166.9,4.6389e+05
5.4e-05,8.0286,166.94,4.5396e+05
5.41e-05,7.9906,166.99,4.4403e+05
5.42e-05,7.9525,167.03,4.3409e+05
5.43e-05,7.9144,167.08,4.2416e+05
5.44e-05,7.8763,167.12,4.1423e+05
5.45e-05,7.8382,167.16,4.043e+05
5.46e-05,7.8001,167.2,3.9437e+05
5.47e-05,7.7621,167.24,3.8443e+05
5.48e-05,7.724,167.28,3.745e+05
5.49e-05,7.6859,167.31,3.6457e+05
5.5e-05,7.6478,167.35,3.5464e+05
5.51e-05,7.6097,167.38,3.447e+05
5.52e-05,7.5716,167.42,3.3477e+05
5.53e-05,7.5335,167.45,3.2484e+05
5.54e-05,7.4955,167.48,3.149e+05
5.55e-05,7.4574,167.51,3.0497e+05
5.56e-05,7.4193,167.54,2.9504e+05
5.57e-05,7.3812,167.57,2.851e+05
5.58e-05,7.3431,167.6,2.7517e+05
5.59e-05,7.305,167.63,2.6524e+05
5.6e-05,7.2669,167.65,2.553e+05
5.61e-05,7.2289,167.68,2.4537e+05
5.62e-05,7.1908,167.7,2.3544e+05
5.63e-05,7.1527,167.73,2.255e+05
5.64e-05,7.1146,167.75,2.1557e+05
5.65e-05,7.0765,167.77,2.0563e+05
5.66e-05,7.0384,167.79,1.957e+05
5.67e-05,7.0004,167.81,1.8576e+05
5.68e-05,6.9623,167.83,1.7583e+05
5.69e-05,6.9242,167.84,1.6589e+05
5.7e-05,6.8861,167.86,1.5596e+05
5.71e-05,6.848,167.87,1.4602e+05
5.72e-05,6.8099,167.89,1.3608e+05
5.73e-05,6.7718,167.9,1.2615e+05
5.74e-05,6.7338,167.91,1.1621e+05
5.75e-05,6.6957,167.93,1.0627e+05
5.76e-05,6.6576,167.94,96335
5.77e-05,6.6195,167.94,86397
5.78e-05,6.5814,167.95,76459
5.79e-05,6.5433,167.96,66520
5.8e-05,6.5052,167.97,56581
5.81e-05,6.4672,167.97,46641
5.82e-05,6.4291,167.98,36701
5.83e-05,6.391,167.98,26761
5.84e-05,6.3529,167.98,16820
5.85e-05,6.3148,167.98,6878.8
5.86e-05,6.2767,167.98,-3063.1
5.87e-05,6.2387,167.98,-13006
5.88e-05,6.2006,167.98,-22949
5.89e-05,6.1625,167.98,-32892
5.9e-05,6.1244,167.97,-42837
5.91e-05,6.0863,167.97,-52781
5.92e-05,6.0482,167.96,-62727
5.93e-05,6.0101,167.96,-72674
5.94e-05,5.9721,167.95,-82621
5.95e-05,5.934,167.94,-92569
5.96e-05,5.8959,167.93,-1.0252e+05
5.97e-05,5.8578,167.92,-1.1247e+05
5.98e-05,5.8197,167.91,-1.2242e+05
5.99e-05,5.7816,167.89,-1.3237e+05
6e-05,5.7435,167.88,-1.4232e+05
6.01e-05,5.7055,167.87,-1.5228e+05
6.02e-05,5.6674,167.85,-1.6223e+05
6.03e-05,5.6293,167.83,-1.7219e+05
6.04e-05,5.5912,167.82,-1.8214e+05
6.05e-05,5.5531,167.8,-1.921e+05
6.06e-05,5.515,167.78,-2.0206e+05
6.07e-05,5.477,167.76,-2.1202e+05
6.08e-05,5.4389,167.73,-2.2199e+05
6.09e-05,5.4008,167.71,-2.3195e+05
6.1e-05,5.3627,167.69,-2.4192e+05
6.11e-05,5.3246,167.66,-2.5188e+05
6.12e-05,5.2865,167.64,-2.6185e+05
6.13e-05,5.2484,167.61,-2.7183e+05
6.14e-05,5.2104,167.58,-2.818e+05
6.15e-05,5.1723,167.55,-2.9177e+05
6.16e-05,5.1342,167.53,-3.0175e+05
6.17e-05,5.0961,167.49,-3.1173e+05
6.18e-05,5.058,167.46,-3.2171e+05
6.19e-05,5.0199,167.43,-3.317e+05
6.2e-05,4.9818,167.4,-3.4169e+05
6.21e-05,4.9438,167.36,-3.5168e+05
6.22e-05,4.9057,167.33,-3.6167e+05
6.23e-05,4.8676,167.29,-3.7167e+05
6.24e-05,4.8295,167.25,-3.8167e+05
6.25e-05,4.7914,167.21,-3.9167e+05
6.26e-05,4.7533,167.17,-4.0167e+05
6.27e-05,4.7153,167.13,-4.1168e+05
6.28e-05,4.6772,167.09,-4.217e+05
6.29e-05,4.6391,167.05,-4.3172e+05
6.3e-05,4.601,167,-4.4174e+05
6.31e-05,4.5629,166.96,-4.5176e+05
6.32e-05,4.5248,166.91,-4.6179e+05
6.33e-05,4.4867,166.87,-4.7183e+05
6.34e-05,4.4487,166.82,-4.8187e+05
6.35e-05,4.4106,166.77,-4.9192e+05
6.36e-05,4.3725,166.72,-5.0197e+05
6.37e-05,4.3344,166.67,-5.1203e+05
6.38e-05,4.2963,166.62,-5.2209e+05
6.39e-05,4.2582,166.57,-5.3216e+05
6.4e-05,4.2201,166.51,-5.4224e+05
6.41e-05,4.1821,166.46,-5.5232e+05
6.42e-05,4.144,166.4,-5.6241e+05
6.43e-05,4.1059,166.35,-5.7251e+05
6.44e-05,4.0678,166.29,-5.8262e+05
6.45e-05,4.0297,166.23,-5.9274e+05
6.46e-05,3.9916,166.17,-6.0286e+05
6.47e-05,3.9536,166.11,-6.13e+05
6.48e-05,3.9155,166.05,-6.2314e+05
6.49e-05,3.8774,165.98,-6.3329e+05
6.5e-05,3.8393,165.92,-6.4346e+05
6.51e-05,3.8012,165.86,-6.5364e+05
6.52e-05,3.7631,165.79,-6.6382e+05
6.53e-05,3.725,165.72,-6.7403e+05
6.54e-05,3.687,165.65,-6.8424e+05
6.55e-05,3.6489,165.59,-6.9447e+05
6.56e-05,3.6108,165.52,-7.0471e+05
6.57e-05,3.5727,165.44,-7.1497e+05
6.58e-05,3.5346,165.37,-7.2524e+05
6.59e-05,3.4965,165.3,-7.3553e+05
6.6e-05,3.4584,165.23,-7.4584e+05
6.61e-05,3.4204,165.15,-7.5616e+05
6.62e-05,3.3823,165.07,-7.6651e+05
6.63e-05,3.3442,165,-7.7687e+05
6.64e-05,3.3061,164.92,-7.8725e+05
6.65e-05,3.268,164.84,-7.9766e+05
6.66e-05,3.2299,164.76,-8.0809e+05
6.67e-05,3.1919,164.68,-8.1855e+05
6.68e-05,3.1538,164.6,-8.2902e+05
6.69e-05,3.1157,164.51,-8.3953e+05
6.7e-05,3.0776,164.43,-8.5006e+05
6.71e-05,3.0395,164.34,-8.6063e+05
6.72e-05,3.0014,164.26,-8.7122e+05
6.73e-05,2.9633,164.17,-8.8185e+05
6.74e-05,2.9253,164.08,-8.925e+05
6.75e-05,2.8872,163.99,-9.032e+05
6.76e-05,2.8491,163.9,-9.1393e+05
6.77e-05,2.811,163.81,-9.247e+05
6.78e-05,2.7729,163.71,-9.3551e+05
6.79e-05,2.7348,163.62,-9.4636e+05
6.8e-05,2.6967,163.52,-9.5726e+05
6.81e-05,2.6587,163.43,-9.682e+05
6.82e-05,2.6206,163.33,-9.7919e+05
6.83e-05,2.5825,163.23,-9.9023e+05
6.84e-05,2.5444,163.13,-1.0013e+06
6.85e-05,2.5063,163.03,-1.0125e+06
6.86e-05,2.4682,162.93,-1.0237e+06
6.87e-05,2.4302,162.83,-1.035e+06
6.88e-05,2.3921,162.72,-1.0463e+06
6.89e-05,2.354,162.62,-1.0577e+06
6.9e-05,2.3159,162.51,-1.0692e+06
6.91e-05,2.2778,162.4,-1.0807e+06
6.92e-05,2.2397,162.3,-1.0924e+06
6.93e-05,2.2016,162.19,-1.1041e+06
6.94e-05,2.1636,162.07,-1.1159e+06
6.95e-05,2.1255,161.96,-1.1278e+06
6.96e-05,2.0874,161.85,-1.1398e+06
6.97e-05,2.0493,161.73,-1.1518e+06
6.98e-05,2.0112,161.62,-1.164e+06
6.99e-05,1.9731,161.5,-1.1763e+06
7e-05,1.935,161.38,-1.1887e+06
7.01e-05,1.897,161.26,-1.2012e+06
7.02e-05,1.8589,161.14,-1.2139e+06
7.03e-05,1.8208,161.02,-1.2267e+06
7.04e-05,1.7827,160.9,-1.2396e+06
7.05e-05,1.7446,160.77,-1.2526e+06
7.06e-05,1.7065,160.65,-1.2658e+06
7.07e-05,1.6685,160.52,-1.2792e+06
7.08e-05,1.6304,160.39,-1.2927e+06
7.09e-05,1.5923,160.26,-1.3064e+06
7.1e-05,1.5542,160.13,-1.3203e+06
7.11e-05,1.5161,160,-1.3344e+06
7.12e-05,1.478,159.86,-1.3487e+06
7.13e-05,1.4399,159.73,-1.3632e+06
7.14e-05,1.4019,159.59,-1.3779e+06
7.15e-05,1.3638,159.45,-1.3928e+06
7.16e-05,1.3257,159.31,-1.4079e+06
7.17e-05,1.2876,159.17,-1.4234e+06
7.18e-05,1.2495,159.03,-1.439e+06
7.19e-05,1.2114,158.88,-1.455e+06
7.2e-05,1.1733,158.74,-1.4712e+06
7.21e-05,1.1353,158.59,-1.4878e+06
7.22e-05,1.0972,158.44,-1.5046e+06
7.23e-05,1.0591,158.29,-1.5218e+06
7.24e-05,1.021,158.13,-1.5393e+06
7.25e-05,0.98292,157.98,-1.5572e+06
7.26e-05,0.94484,157.82,-1.5755e+06
7.27e-05,0.90675,157.66,-1.5941e+06
7.28e-05,0.86867,157.5,-1.6132e+06
7.29e-05,0.83058,157.34,-1.6327e+06
7.3e-05,0.7925,157.18,-1.6526e+06
7.31e-05,0.75441,157.01,-1.6731e+06
7.32e-05,0.71633,156.84,-1.694e+06
7.33e-05,0.67824,156.67,-1.7154e+06
7.34e-05,0.64016,156.5,-1.7374e+06
7.35e-05,0.60207,156.32,-1.76e+06
7.36e-05,0.56399,156.15,-1.7831e+06
7.37e-05,0.5259,155.97,-1.8068e+06
7.38e-05,0.48782,155.79,-1.8312e+06
7.39e-05,0.44973,155.6,-1.8563e+06
7.4e-05,0.41165,155.42,-1.8821e+06
7.41e-05,0.37356,155.23,-1.9086e+06
7.42e-05,0.33548,155.03,-1.9359e+06
7.43e-05,0.29739,154.84,-1.964e+06
7.44e-05,0.25931,154.64,-1.993e+06
7.45e-05,0.22122,154.44,-2.0228e+06
7.46e-05,0.18314,154.24,-2.0535e+06
7.47e-05,0.14506,154.03,-2.0852e+06
7.48e-05,0.10697,153.82,-2.1179e+06
7.49e-05,0.068885,153.61,-2.1516e+06
7.5e-05,0.0308,153.39,-2.1864e+06
7.51e-05,-0.0072849,153.17,-2.2223e+06
7.52e-05,-0.04537,152.94,-2.2595e+06
7.53e-05,-0.083455,152.72,-2.2978e+06
7.54e-05,-0.12154,152.48,-2.3374e+06
7.55e-05,-0.15962,152.25,-2.3784e+06
7.56e-05,-0.19771,152.01,-2.4207e+06
7.57e-05,-0.23579,151.76,-2.4645e+06
7.58e-05,-0.27388,151.52,-2.5098e+06
7.59e-05,-0.31196,151.26,-2.5566e+06
7.6e-05,-0.35005,151,-2.6051e+06
7.61e-05,-0.38813,150.74,-2.6552e+06
7.62e-05,-0.42622,150.47,-2.7071e+06
7.63e-05,-0.4643,150.2,-2.7608e+06
7.64e-05,-0.50239,149.92,-2.8164e+06
7.65e-05,-0.54047,149.64,-2.874e+06
7.66e-05,-0.57856,149.35,-2.9336e+06
7.67e-05,-0.61664,149.05,-2.9952e+06
7.68e-05,-0.65473,148.75,-3.0591e+06
7.69e-05,-0.69281,148.44,-3.1252e+06
7.7e-05,-0.7309,148.12,-3.1936e+06
7.71e-05,-0.76898,147.8,-3.2644e+06
7.72e-05,-0.80707,147.47,-3.3377e+06
7.73e-05,-0.84515,147.13,-3.4135e+06
7.74e-05,-0.88324,146.79,-3.492e+06
7.75e-05,-0.92132,146.43,-3.5732e+06
7.76e-05,-0.95941,146.07,-3.6571e+06
7.77e-05,-0.99749,145.7,-3.744e+06
7.78e-05,-1.0356,145.32,-3.8337e+06
7.79e-05,-1.0737,144.93,-3.9265e+06
7.8e-05,-1.1117,144.54,-4.0224e+06
7.81e-05,-1.1498,144.13,-4.1214e+06
7.82e-05,-1.1879,143.71,-4.2236e+06
7.83e-05,-1.226,143.28,-4.3292e+06
7.84e-05,-1.2641,142.85,-4.4381e+06
7.85e-05,-1.3022,142.4,-4.5504e+06
7.86e-05,-1.3403,141.94,-4.6661e+06
7.87e-05,-1.3783,141.46,-4.7853e+06
7.88e-05,-1.4164,140.98,-4.9081e+06
7.89e-05,-1.4545,140.48,-5.0345e+06
7.9e-05,-1.4926,139.97,-5.1644e+06
7.91e-05,-1.5307,139.45,-5.298e+06
7.92e-05,-1.5688,138.91,-5.4351e+06
7.93e-05,-1.6069,138.36,-5.5759e+06
7.94e-05,-1.6449,137.8,-5.7202e+06
7.95e-05,-1.683,137.22,-5.8681e+06
7.96e-05,-1.7211,136.62,-6.0195e+06
7.97e-05,-1.7592,136.01,-6.1744e+06
7.98e-05,-1.7973,135.39,-6.3326e+06
7.99e-05,-1.8354,134.75,-6.4941e+06
8e-05,-1.8734,134.09,-6.6588e+06
8.01e-05,-1.9115,133.41,-6.8265e+06
8.02e-05,-1.9496,132.72,-6.9971e+06
8.03e-05,-1.9877,132.01,-7.1704e+06
8.04e-05,-2.0258,131.29,-7.3463e+06
8.05e-05,-2.0639,130.55,-7.5244e+06
8.06e-05,-2.102,129.78,-7.7047e+06
8.07e-05,-2.14,129,-7.8868e+06
8.08e-05,-2.1781,128.21,-8.0704e+06
8.09e-05,-2.2162,127.39,-8.2553e+06
8.1e-05,-2.2543,126.56,-8.4411e+06
8.11e-05,-2.2924,125.7,-8.6275e+06
8.12e-05,-2.3305,124.83,-8.8141e+06
8.13e-05,-2.3686,123.94,-9.0005e+06
8.14e-05,-2.4066,123.03,-9.1864e+06
8.15e-05,-2.4447,122.1,-9.3711e+06
8.16e-05,-2.4828,121.16,-9.5544e+06
8.17e-05,-2.5209,120.19,-9.7358e+06
8.18e-05,-2.559,119.21,-9.9147e+06
8.19e-05,-2.5971,118.21,-1.0091e+07
8.2e-05,-2.6351,117.19,-1.0263e+07
8.21e-05,-2.6732,116.16,-1.0432e+07
8.22e-05,-2.7113,115.1,-1.0596e+07
8.23e-05,-2.7494,114.04,-1.0755e+07
8.24e-05,-2.7875,112.95,-1.0909e+07
8.25e-05,-2.8256,111.86,-1.1056e+07
8.26e-05,-2.8637,110.74,-1.1197e+07
8.27e-05,-2.9017,109.62,-1.1331e+07
8.28e-05,-2.9398,108.48,-1.1458e+07
8.29e-05,-2.9779,107.33,-1.1576e+07
8.3e-05,-3.016,106.16,-1.1686e+07
8.31e-05,-3.0541,104.99,-1.1787e+07
8.32e-05,-3.0922,103.81,-1.1879e+07
8.33e-05,-3.1303,102.61,-1.1962e+07
8.34e-05,-3.1683,101.41,-1.2035e+07
8.35e-05,-3.2064,100.21,-1.2097e+07
8.36e-05,-3.2445,98.995,-1.2149e+07
8.37e-05,-3.2826,97.778,-1.2191e+07
8.38e-05,-3.3207,96.557,-1.2222e+07
8.39e-05,-3.3588,95.334,-1.2242e+07
8.4e-05,-3.3968,94.109,-1.2251e+07
8.41e-05,-3.4349,92.884,-1.225e+07
8.42e-05,-3.473,91.66,-1.2238e+07
8.43e-05,-3.5111,90.437,-1.2215e+07
8.44e-05,-3.5492,89.217,-1.2181e+07
8.45e-05,-3.5873,88.001,-1.2137e+07
8.46e-05,-3.6254,86.79,-1.2084e+07
8.47e-05,-3.6634,85.585,-1.202e+07
8.48e-05,-3.7015,84.387,-1.1947e+07
8.49e-05,-3.7396,83.196,-1.1864e+07
8.5e-05,-3.7777,82.014,-1.1773e+07
8.51e-05,-3.8158,80.842,-1.1674e+07
8.52e-05,-3.8539,79.68,-1.1566e+07
8.53e-05,-3.892,78.529,-1.1451e+07
8.54e-05,-3.93,77.39,-1.1329e+07
8.55e-05,-3.9681,76.264,-1.1201e+07
8.56e-05,-4.0062,75.15,-1.1067e+07
8.57e-05,-4.0443,74.05,-1.0927e+07
8.58e-05,-4.0824,72.965,-1.0782e+07
8.59e-05,-4.1205,71.894,-1.0633e+07
8.6e-05,-4.1585,70.839,-1.048e+07
8.61e-05,-4.1966,69.798,-1.0323e+07
8.62e-05,-4.2347,68.774,-1.0164e+07
8.63e-05,-4.2728,67.766,-1.0002e+07
8.64e-05,-4.3109,66.774,-9.8387e+06
8.65e-05,-4.349,65.798,-9.6737e+06
8.66e-05,-4.3871,64.839,-9.5076e+06
8.67e-05,-4.4251,63.897,-9.341e+06
8.68e-05,-4.4632,62.971,-9.1743e+06
8.69e-05,-4.5013,62.062,-9.0078e+06
8.7e-05,-4.5394,61.169,-8.8419e+06
8.71e-05,-4.5775,60.293,-8.677e+06
8.72e-05,-4.6156,59.434,-8.5134e+06
8.73e-05,-4.6537,58.591,-8.3513e+06
8.74e-05,-4.6917,57.763,-8.1911e+06
8.75e-05,-4.7298,56.952,-8.0331e+06
8.76e-05,-4.7679,56.157,-7.8774e+06
8.77e-05,-4.806,55.377,-7.7242e+06
8.78e-05,-4.8441,54.612,-7.5738e+06
8.79e-05,-4.8822,53.862,-7.4262e+06
8.8e-05,-4.9202,53.126,-7.2818e+06
8.81e-05,-4.9583,52.405,-7.1405e+06
8.82e-05,-4.9964,51.698,-7.0025e+06
8.83e-05,-5.0345,51.005,-6.8679e+06
8.84e-05,-5.0726,50.324,-6.7367e+06
8.85e-05,-5.1107,49.657,-6.6091e+06
8.86e-05,-5.1488,49.002,-6.485e+06
8.87e-05,-5.1868,48.36,-6.3645e+06
8.88e-05,-5.2249,47.729,-6.2476e+06
8.89e-05,-5.263,47.11,-6.1343e+06
8.9e-05,-5.3011,46.502,-6.0246e+06
8.91e-05,-5.3392,45.905,-5.9185e+06
8.92e-05,-5.3773,45.318,-5.8159e+06
8.93e-05,-5.4154,44.742,-5.7169e+06
8.94e-05,-5.4534,44.175,-5.6214e+06
8.95e-05,-5.4915,43.617,-5.5294e+06
8.96e-05,-5.5296,43.069,-5.4407e+06
8.97e-05,-5.5677,42.529,-5.3554e+06
8.98e-05,-5.6058,41.997,-5.2734e+06
8.99e-05,-5.6439,41.474,-5.1946e+06
9e-05,-5.6819,40.958,-5.1189e+06
9.01e-05,-5.72,40.45,-5.0463e+06
9.02e-05,-5.7581,39.949,-4.9767e+06
9.03e-05,-5.7962,39.455,-4.9101e+06
9.04e-05,-5.8343,38.967,-4.8463e+06
9.05e-05,-5.8724,38.485,-4.7853e+06
9.06e-05,-5.9105,38.01,-4.7269e+06
9.07e-05,-5.9485,37.54,-4.6712e+06
9.08e-05,-5.9866,37.075,-4.6181e+06
9.09e-05,-6.0247,36.616,-4.5674e+06
9.1e-05,-6.0628,36.162,-4.5191e+06
9.11e-05,-6.1009,35.712,-4.4731e+06
9.12e-05,-6.139,35.267,-4.4294e+06
9.13e-05,-6.1771,34.826,-4.3878e+06
9.14e-05,-6.2151,34.389,-4.3483e+06
9.15e-05,-6.2532,33.956,-4.3108e+06
9.16e-05,-6.2913,33.527,-4.2753e+06
9.17e-05,-6.3294,33.101,-4.2417e+06
9.18e-05,-6.3675,32.679,-4.2098e+06
9.19e-05,-6.4056,32.259,-4.1797e+06
9.2e-05,-6.4436,31.843,-4.1513e+06
9.21e-05,-6.4817,31.429,-4.1245e+06
9.22e-05,-6.5198,31.018,-4.0992e+06
9.23e-05,-6.5579,30.609,-4.0755e+06
9.24e-05,-6.596,30.202,-4.0532e+06
9.25e-05,-6.6341,29.798,-4.0322e+06
9.26e-05,-6.6722,29.396,-4.0126e+06
9.27e-05,-6.7102,28.996,-3.9943e+06
9.28e-05,-6.7483,28.597,-3.9771e+06
9.29e-05,-6.7864,28.2,-3.9612e+06
9.3e-05,-6.8245,27.805,-3.9464e+06
9.31e-05,-6.8626,27.411,-3.9326e+06
9.32e-05,-6.9007,27.018,-3.9199e+06
9.33e-05,-6.9388,26.627,-3.9082e+06
9.34e-05,-6.9768,26.236,-3.8974e+06
9.35e-05,-7.0149,25.847,-3.8876e+06
9.36e-05,-7.053,25.459,-3.8786e+06
9.37e-05,-7.0911,25.071,-3.8704e+06
9.38e-05,-7.1292,24.685,-3.8631e+06
9.39e-05,-7.1673,24.299,-3.8565e+06
9.4e-05,-7.2053,23.913,-3.8507e+06
9.41e-05,-7.2434,23.529,-3.8455e+06
9.42e-05,-7.2815,23.144,-3.841e+06
9.43e-05,-7.3196,22.76,-3.8372e+06
9.44e-05,-7.3577,22.377,-3.834e+06
9.45e-05,-7.3958,21.994,-3.8314e+06
9.46e-05,-7.4339,21.611,-3.8293e+06
9.47e-05,-7.4719,21.228,-3.8278e+06
9.48e-05,-7.51,20.845,-3.8268e+06
9.49e-05,-7.5481,20.462,-3.8263e+06
9.5e-05,-7.5862,20.08,-3.8262e+06
9.51e-05,-7.6243,19.697,-3.8266e+06
9.52e-05,-7.6624,19.314,-3.8275e+06
9.53e-05,-7.7005,18.931,-3.8287e+06
9.54e-05,-7.7385,18.549,-3.8304e+06
9.55e-05,-7.7766,18.165,-3.8324e+06
9.56e-05,-7.8147,17.782,-3.8348e+06
9.57e-05,-7.8528,17.398,-3.8375e+06
9.58e-05,-7.8909,17.015,-3.8405e+06
9.59e-05,-7.929,16.63,-3.8439e+06
9.6e-05,-7.967,16.246,-3.8475e+06
9.61e-05,-8.0051,15.861,-3.8515e+06
9.62e-05,-8.0432,15.475,-3.8557e+06
9.63e-05,-8.0813,15.09,-3.8602e+06
9.64e-05,-8.1194,14.703,-3.8649e+06
9.65e-05,-8.1575,14.317,-3.8699e+06
9.66e-05,-8.1956,13.929,-3.8751e+06
9.67e-05,-8.2336,13.542,-3.8805e+06
9.68e-05,-8.2717,13.153,-3.8861e+06
9.69e-05,-8.3098,12.764,-3.8919e+06
9.7e-05,-8.3479,12.375,-3.8979e+06
9.71e-05,-8.386,11.985,-3.904e+06
9.72e-05,-8.4241,11.594,-3.9104e+06
9.73e-05,-8.4622,11.203,-3.9169e+06
9.74e-05,-8.5002,10.811,-3.9236e+06
9.75e-05,-8.5383,10.418,-3.9304e+06
9.76e-05,-8.5764,10.025,-3.9374e+06
9.77e-05,-8.6145,9.6305,-3.9444e+06
9.78e-05,-8.6526,9.2357,-3.9517e+06
9.79e-05,-8.6907,8.8402,-3.959e+06
9.8e-05,-8.7287,8.4439,-3.9665e+06
9.81e-05,-8.7668,8.0469,-3.9741e+06
9.82e-05,-8.8049,7.6491,-3.9818e+06
9.83e-05,-8.843,7.2505,-3.9896e+06
9.84e-05,-8.8811,6.8512,-3.9974e+06
9.85e-05,-8.9192,6.451,-4.0054e+06
9.86e-05,-8.9573,6.0501,-4.0135e+06
9.87e-05,-8.9953,5.6483,-4.0217e+06
9.88e-05,-9.0334,5.2457,-4.0299e+06
9.89e-05,-9.0715,4.8423,-4.0382e+06
9.9e-05,-9.1096,4.4381,-4.0466e+06
9.91e-05,-9.1477,4.033,-4.0551e+06
9.92e-05,-9.1858,3.6271,-4.0636e+06
9.93e-05,-9.2239,3.2203,-4.0722e+06
9.94e-05,-9.2619,2.8126,-4.0809e+06
9.95e-05,-9.3,2.4041,-4.0896e+06
9.96e-05,-9.3381,1.9947,-4.0983e+06
9.97e-05,-9.3762,1.5844,-4.1072e+06
9.98e-05,-9.4143,1.1733,-4.116e+06
9.99e-05,-9.4524,0.76123,-4.125e+06
0.0001,-9.4904,0.34829,-4.1339e+06
0.0001001,-9.5285,-0.065599,-4.1439e+06
